35
0.0
0.0003256486161840044
0.0020450678386296772
0.0059611320971098
0.012160645457170993
0.02070853733504574
0.03169569883404444
0.045242495852027
0.06150287502088014
0.08066959241992411
0.10298075467768397
0.12872783814854571
0.15826533163909584
0.19202210850599588
0.23051457447575974
0.27436156959947944
0.3243009499667715
0.381207771390224
0.4461140774708605
0.5202304736563468
0.6049699255870622
0.7019744934479988
0.8131459311179756
0.9406811964088324
1.087113946826923
1.2553630854528208
1.4487894309208604
1.6712616499325872
1.9272327202723982
2.221828380986557
2.5609492643382525
2.951388684629075
3.4009683796822343
3.918694863479122
4.514939457467449

