70
0.0
0.0003256486161840044
0.0020450678386296772
0.0059611320971098
0.012160645457170993
0.02070853733504574
0.03169569883404444
0.045242495852027
0.06150287502088014
0.08066959241992411
0.10298075467768397
0.12872783814854571
0.15826533163909584
0.19202210850599588
0.23051457447575974
0.27436156959947944
0.3243009499667715
0.381207771390224
0.4461140774708605
0.5202304736563468
0.6049699255870622
0.7019744934479988
0.8131459311179756
0.9406811964088324
1.087113946826923
1.2553630854528208
1.4487894309208604
1.6712616499325872
1.9272327202723982
2.221828380986557
2.5609492643382525
2.951388684629075
3.4009683796822343
3.918694863479122
4.514939457467449
5.201645528719768
5.992566981230574
6.903542626923276
7.952811708406449
9.161376555655465
10.553419126819675
12.156778992688299
14.003501142209274
16.130462754674834
18.580088704741925
21.401165880024553
24.64976614420966
28.390286575756484
32.69661284413594
37.65340632724079
43.35750644000602
49.91942459493859
57.46488230471514
66.1363090284966
76.09415987302076
87.51783209922404
100.60584447936688
115.57478763964791
132.65635450967073
152.09152968430905
174.1207958237596
198.9690966180141
226.82444761890096
257.8097600195044
291.94892292045984
329.1306290584594
369.07654087450703
411.32312129328665
455.22696977927546
500.0000000000002