28
0.0
0.0009636280509650597
0.006137061900668428
0.01834195619354606
0.038966965227038575
0.07039746964720983
0.11680237322331255
0.18516015409386632
0.2867117133755759
0.43895401310778404
0.6685644269152635
1.0159469156448275
1.5422773660827005
2.34025563118212
3.5504211515707262
5.3858819721428475
8.169767538284356
12.391853897816773
18.793821105483165
28.49637319389081
43.18442964649816
65.36186050372739
98.65015960400846
147.962605418142
218.98318343866453
315.71959101721245
435.39694337961805
500.0
