139
0.0
0.0001628243080920022
0.0003256486161840044
0.0011853582274068408
0.0020450678386296772
0.004003099967869739
0.0059611320971098
0.009060888777140397
0.012160645457170993
0.016434591396108367
0.02070853733504574
0.02620211808454509
0.03169569883404444
0.03846909734303572
0.045242495852027
0.05337268543645357
0.06150287502088014
0.07108623372040213
0.08066959241992411
0.09182517354880404
0.10298075467768397
0.11585429641311484
0.12872783814854571
0.14349658489382078
0.15826533163909584
0.17514372007254586
0.19202210850599588
0.2112683414908778
0.23051457447575974
0.2524380720376196
0.27436156959947944
0.29933125978312547
0.3243009499667715
0.35275436067849775
0.381207771390224
0.41366092443054225
0.4461140774708605
0.48317227556360365
0.5202304736563468
0.5626001996217045
0.6049699255870622
0.6534722095175305
0.7019744934479988
0.7575602122829872
0.8131459311179756
0.876913563763404
0.9406811964088324
1.0138975716178777
1.087113946826923
1.171238516139872
1.2553630854528208
1.3520762581868406
1.4487894309208604
1.5600255404267238
1.6712616499325872
1.7992471851024927
1.9272327202723982
2.0745305506294773
2.221828380986557
2.391388822662405
2.5609492643382525
2.7561689744836637
2.951388684629075
3.176178532155655
3.4009683796822343
3.659831621580678
3.918694863479122
4.216817160473285
4.514939457467449
4.858292493093608
5.201645528719768
5.597106254975171
5.992566981230574
6.448054804076925
6.903542626923276
7.428177167664862
7.952811708406449
8.557094132030958
9.161376555655465
9.857397841237571
10.553419126819675
11.355099059753986
12.156778992688299
13.080140067448786
14.003501142209274
15.066981948442054
16.130462754674834
17.35527572970838
18.580088704741925
19.990627292383238
21.401165880024553
23.025466012117107
24.64976614420966
26.52002635998307
28.390286575756484
30.543449709946213
32.69661284413594
35.175009585688365
37.65340632724079
40.505456383623404
43.35750644000602
46.638465517472305
49.91942459493859
53.69215344982686
57.46488230471514
61.80059566660587
66.1363090284966
71.11523445075868
76.09415987302076
81.8059959861224
87.51783209922404
94.06183828929545
100.60584447936688
108.09031605950739
115.57478763964791
124.11557107465933
132.65635450967073
142.37394209698988
152.09152968430905
163.10616275403433
174.1207958237596
186.54494622088686
198.9690966180141
212.89677211845753
226.82444761890096
242.31710381920266
257.8097600195044
274.87934146998214
291.94892292045984
310.5397759894596
329.1306290584594
349.10358496648325
369.07654087450703
390.1998310838968
411.32312129328665
433.275045536281
455.22696977927546
477.61348488963785
500.0000000000002

