0.0 -0.24033468821815526
0.01001001001001001 -0.23655120788480677
0.02002002002002002 -0.23282863537602827
0.03003003003003003 -0.22916593756052717
0.04004004004004004 -0.22556210455028539
0.05005005005005005 -0.2220161482989264
0.06006006006006006 -0.21852708420935701
0.07007007007007007 -0.2150939633904183
0.08008008008008008 -0.21171584565159168
0.09009009009009009 -0.20839181055157904
0.1001001001001001 -0.20512095303720612
0.11011011011011011 -0.20190238593800286
0.12012012012012012 -0.19873523784017214
0.13013013013013014 -0.19561865283400826
0.14014014014014015 -0.1925517910679422
0.15015015015015015 -0.18953382741561567
0.16016016016016016 -0.1865639528037819
0.17017017017017017 -0.18364136920124444
0.18018018018018017 -0.18076529971286973
0.19019019019019018 -0.17793497120948715
0.2002002002002002 -0.17514963146787077
0.21021021021021022 -0.1724085416287329
0.22022022022022023 -0.16971097335720864
0.23023023023023023 -0.16705621302682613
0.24024024024024024 -0.16444355856987775
0.2502502502502503 -0.16187232249762368
0.2602602602602603 -0.159341825276366
0.2702702702702703 -0.15685140006218518
0.2802802802802803 -0.15440497093561628
0.2902902902902903 -0.15199244800833112
0.3003003003003003 -0.14961808385979355
0.3103103103103103 -0.1472812576485708
0.3203203203203203 -0.14498135925264585
0.3303303303303303 -0.14271778911871624
0.34034034034034033 -0.1404899577519265
0.35035035035035034 -0.13829728614021983
0.36036036036036034 -0.1361392087423338
0.37037037037037035 -0.13401515872790074
0.38038038038038036 -0.1319245892927468
0.39039039039039036 -0.12986696051947552
0.4004004004004004 -0.12784174186752167
0.41041041041041043 -0.12584840990628682
0.42042042042042044 -0.1238864503295517
0.43043043043043044 -0.12195535911946509
0.44044044044044045 -0.1200546404590523
0.45045045045045046 -0.11818380825201182
0.46046046046046046 -0.11634237944527152
0.47047047047047047 -0.11452988322250669
0.4804804804804805 -0.112745856471193
0.4904904904904905 -0.11098984445097118
0.5005005005005005 -0.109261398163422
0.5105105105105106 -0.10756007512033999
0.5205205205205206 -0.105885443506862
0.5305305305305306 -0.10423707662675309
0.5405405405405406 -0.10261455559602498
0.5505505505505506 -0.10101746834100568
0.5605605605605606 -0.09944540918339749
0.5705705705705706 -0.09789797977509138
0.5805805805805806 -0.09637478783405957
0.5905905905905906 -0.09487544797554419
0.6006006006006006 -0.09339958083619383
0.6106106106106106 -0.09194681357700696
0.6206206206206206 -0.09051677963483179
0.6306306306306306 -0.08910911735672249
0.6406406406406406 -0.0877234723662386
0.6506506506506506 -0.0863594953652996
0.6606606606606606 -0.08501684306648664
0.6706706706706707 -0.08369517774204821
0.6806806806806807 -0.08239416768943825
0.6906906906906907 -0.0811134848590195
0.7007007007007007 -0.07985280834862987
0.7107107107107107 -0.07861182186331865
0.7207207207207207 -0.07739021427069653
0.7307307307307307 -0.07618767948012024
0.7407407407407407 -0.07500391638917503
0.7507507507507507 -0.07383862893010938
0.7607607607607607 -0.07269152612345103
0.7707707707707707 -0.07156231953864114
0.7807807807807807 -0.0704507283919715
0.7907907907907908 -0.06935647451289081
0.8008008008008008 -0.06827929776787992
0.8108108108108109 -0.06721890359852066
0.8208208208208209 -0.06617504121030167
0.8308308308308309 -0.06514744988545028
0.8408408408408409 -0.06413587402357138
0.8508508508508509 -0.06314006187819203
0.8608608608608609 -0.062159778401138045
0.8708708708708709 -0.061194753669975066
0.8808808808808809 -0.060244761176389716
0.8908908908908909 -0.05930956498954322
0.9009009009009009 -0.058388932601998005
0.9109109109109109 -0.05748263562723246
0.9209209209209209 -0.05659044905789023
0.9309309309309309 -0.055712151642578894
0.9409409409409409 -0.05484752559992984
0.950950950950951 -0.05399635672822263
0.960960960960961 -0.053158433942726874
0.970970970970971 -0.052333549838418064
0.980980980980981 -0.05152150013177605
0.990990990990991 -0.05072208388518292
1.001001001001001 -0.04993510382864407
1.011011011011011 -0.049160364210766014
1.021021021021021 -0.04839767419666741
1.031031031031031 -0.047646845011778446
1.0410410410410411 -0.04690769127594296
1.0510510510510511 -0.04618003040523484
1.0610610610610611 -0.045463682721918114
1.0710710710710711 -0.04475847139081704
1.0810810810810811 -0.04406422236145441
1.0910910910910911 -0.04338076437150362
1.1011011011011012 -0.04270792882172976
1.1111111111111112 -0.04204554980985127
1.1211211211211212 -0.04139346405358889
1.1311311311311312 -0.04075151084292193
1.1411411411411412 -0.04011953200567955
1.1511511511511512 -0.03949737188136722
1.1611611611611612 -0.038884877218748115
1.1711711711711712 -0.03828189723306457
1.1811811811811812 -0.03768828350850834
1.1911911911911912 -0.03710388993776496
1.2012012012012012 -0.03652857274300451
1.2112112112112112 -0.035962190494974684
1.2212212212212212 -0.0354046037101763
1.2312312312312312 -0.034855675385831154
1.2412412412412412 -0.03431527056564638
1.2512512512512513 -0.03378325643301091
1.2612612612612613 -0.03325950224545814
1.2712712712712713 -0.032743879324480016
1.2812812812812813 -0.032236261008156936
1.2912912912912913 -0.031736522616280544
1.3013013013013013 -0.031244541442696564
1.3113113113113113 -0.03076019668869405
1.3213213213213213 -0.03028336946023144
1.3313313313313313 -0.029813942731610255
1.3413413413413413 -0.02935180130456616
1.3513513513513513 -0.02889683179149351
1.3613613613613613 -0.02844892257963171
1.3713713713713713 -0.028007963807575555
1.3813813813813813 -0.027573847326829246
1.3913913913913913 -0.027146466690923694
1.4014014014014013 -0.026725717118903026
1.4114114114114114 -0.026311495465118698
1.4214214214214214 -0.02590370019942744
1.4314314314314314 -0.025502231394874345
1.4414414414414414 -0.025106990649086128
1.4514514514514514 -0.02471788113699361
1.4614614614614614 -0.024334807610235775
1.4714714714714714 -0.02395767607561451
1.4814814814814814 -0.023586394246814326
1.4914914914914914 -0.023220871208644387
1.5015015015015014 -0.02286101744160825
1.5115115115115114 -0.022506744838023937
1.5215215215215214 -0.022157966676758144
1.5315315315315314 -0.021814597571287005
1.5415415415415414 -0.021476553482695688
1.5515515515515514 -0.021143751681437235
1.5615615615615615 -0.02081611073250253
1.5715715715715717 -0.02049355045028489
1.5815815815815817 -0.020175991944009656
1.5915915915915917 -0.01986335747557159
1.6016016016016017 -0.01955557059485201
1.6116116116116117 -0.019252556016324873
1.6216216216216217 -0.018954239629279494
1.6316316316316317 -0.01866054847878914
1.6416416416416417 -0.018371410744187484
1.6516516516516517 -0.01808675572646226
1.6616616616616617 -0.01780651382783594
1.6716716716716717 -0.017530616534348734
1.6816816816816818 -0.017258996398807853
1.6916916916916918 -0.016991587026167897
1.7017017017017018 -0.016728323055686656
1.7117117117117118 -0.01646914014020422
1.7217217217217218 -0.016213974938112805
1.7317317317317318 -0.015962765093645793
1.7417417417417418 -0.015715449221212492
1.7517517517517518 -0.015471966890253812
1.7617617617617618 -0.015232258611952116
1.7717717717717718 -0.01499626582135441
1.7817817817817818 -0.014763930864650488
1.7917917917917918 -0.01453519698683237
1.8018018018018018 -0.014310008320382863
1.8118118118118118 -0.014088309853564202
1.8218218218218218 -0.013870047436894992
1.8318318318318318 -0.013655167767570713
1.8418418418418419 -0.01344361836760623
1.8518518518518519 -0.013235347575868004
1.8618618618618619 -0.013030304533924928
1.8718718718718719 -0.012828439174489696
1.8818818818818819 -0.012629702212803939
1.8918918918918919 -0.01243404511630644
1.901901901901902 -0.012241420120254922
1.911911911911912 -0.012051780198620346
1.921921921921922 -0.011865079055193654
1.931931931931932 -0.011681271113541907
1.941941941941942 -0.011500311505571358
1.951951951951952 -0.011322156059887036
1.961961961961962 -0.011146761291737863
1.971971971971972 -0.010974084396097976
1.981981981981982 -0.01080408321915038
1.991991991991992 -0.010636716276239811
2.002002002002002 -0.010471942721178058
2.012012012012012 -0.01030972234272194
2.022022022022022 -0.010150015554762871
2.032032032032032 -0.009992783385195795
2.042042042042042 -0.009837987467233883
2.052052052052052 -0.009685590030425871
2.062062062062062 -0.009535553888855602
2.0720720720720722 -0.009387842435711618
2.0820820820820822 -0.009242419631499459
2.0920920920920922 -0.009099249997496728
2.1021021021021022 -0.008958298604435772
2.1121121121121122 -0.00881953106578322
2.1221221221221223 -0.00868291352809359
2.1321321321321323 -0.008548412664273218
2.1421421421421423 -0.008415995663599945
2.1521521521521523 -0.00828563022500043
2.1621621621621623 -0.008157284548715513
2.1721721721721723 -0.008030927328265868
2.1821821821821823 -0.007906527742939526
2.1921921921921923 -0.007784055450399703
2.2022022022022023 -0.007663480595823888
2.2122122122122123 -0.007544773736504497
2.2222222222222223 -0.007427905938122216
2.2322322322322323 -0.007312848697949098
2.2422422422422423 -0.0071995739553533476
2.2522522522522523 -0.007088054084937468
2.2622622622622623 -0.006978261889986088
2.2722722722722724 -0.00687017059557036
2.2822822822822824 -0.006763753842093718
2.2922922922922924 -0.006658985678827555
2.3023023023023024 -0.006555840557460791
2.3123123123123124 -0.006454293326023568
2.3223223223223224 -0.00635431922257692
2.3323323323323324 -0.00625589387025805
2.3423423423423424 -0.006158993267198433
2.3523523523523524 -0.006063593786701585
2.3623623623623624 -0.005969672167453714
2.3723723723723724 -0.005877205509027236
2.3823823823823824 -0.005786171265946914
2.3923923923923924 -0.005696547242393378
2.4024024024024024 -0.005608311586758142
2.4124124124124124 -0.00552144278599089
2.4224224224224224 -0.0054359196608195675
2.4324324324324325 -0.005351721360334151
2.4424424424424425 -0.005268827356880482
2.4524524524524525 -0.005187217441050779
2.4624624624624625 -0.005106871716769355
2.4724724724724725 -0.00502777059639165
2.4824824824824825 -0.004949894795920866
2.4924924924924925 -0.004873225330333743
2.5025025025025025 -0.004797743508917194
2.5125125125125125 -0.004723430930706716
2.5225225225225225 -0.004650269479949898
2.5325325325325325 -0.0045782413217329366
2.5425425425425425 -0.004507328897588845
2.5525525525525525 -0.004437514921218691
2.5625625625625625 -0.00436878237428768
2.5725725725725725 -0.00430111450220991
2.5825825825825826 -0.004234494810145326
2.5925925925925926 -0.004168907058891386
2.6026026026026026 -0.004104335261328598
2.6126126126126126 -0.004040763676842175
2.6226226226226226 -0.003978176810131086
2.6326326326326326 -0.003916559405589751
2.6426426426426426 -0.0038558964440314103
2.6526526526526526 -0.0037961731390513047
2.6626626626626626 -0.003737374933409906
2.6726726726726726 -0.0036794874954652543
2.6826826826826826 -0.003622496715662086
2.6926926926926926 -0.003566388703125895
2.7027027027027026 -0.0035111497822401215
2.7127127127127126 -0.0034567664893251472
2.7227227227227226 -0.0034032255693313596
2.7327327327327327 -0.003350513972621675
2.7427427427427427 -0.003298618851850784
2.7527527527527527 -0.0032475275585559546
2.7627627627627627 -0.003197227640442585
2.7727727727727727 -0.003147706838197011
2.7827827827827827 -0.003098953082369269
2.7927927927927927 -0.0030509544905749386
2.8028028028028027 -0.0030036993645480344
2.8128128128128127 -0.002957176187294288
2.8228228228228227 -0.002911373620257905
2.8328328328328327 -0.0028662805005727943
2.8428428428428427 -0.0028218858383586083
2.8528528528528527 -0.0027781788139984607
2.8628628628628627 -0.0027351487755229347
2.8728728728728727 -0.0026927852360072555
2.8828828828828827 -0.0026510778710120446
2.8928928928928928 -0.002610016516070544
2.9029029029029028 -0.0025695911641925562
2.9129129129129128 -0.0025297919634170896
2.9229229229229228 -0.002490609214481772
2.932932932932933 -0.0024520333683418407
2.942942942942943 -0.002414055023928236
2.952952952952953 -0.0023766649258094006
2.962962962962963 -0.0023398539619575924
2.972972972972973 -0.0023036131615122267
2.982982982982983 -0.0022679336926029947
2.992992992992993 -0.002232806860191091
3.003003003003003 -0.002198224103937357
3.013013013013013 -0.0021641769961304514
3.023023023023023 -0.002130657239631885
3.033033033033033 -0.0020976566658330088
3.043043043043043 -0.002065167232698563
3.053053053053053 -0.0020331810227339256
3.063063063063063 -0.0020016902411476144
3.073073073073073 -0.001970687213883851
3.083083083083083 -0.0019401643858051466
3.093093093093093 -0.0019101143187768635
3.103103103103103 -0.0018805296899106346
3.113113113113113 -0.0018514032897599406
3.123123123123123 -0.001822728020568726
3.1331331331331334 -0.0017944968945289394
3.1431431431431434 -0.0017667030321103056
3.1531531531531534 -0.0017393396602866315
3.1631631631631634 -0.0017124001110310368
3.1731731731731734 -0.001685877819577867
3.1831831831831834 -0.0016597663228629152
3.1931931931931934 -0.001634059257936535
3.2032032032032034 -0.001608750360430559
3.2132132132132134 -0.0015838334630060326
3.2232232232232234 -0.0015593024938659742
3.2332332332332334 -0.0015351514752691975
3.2432432432432434 -0.0015113745220775789
3.2532532532532534 -0.0014879658403130257
3.2632632632632634 -0.0014649197257553472
3.2732732732732734 -0.001442230562543147
3.2832832832832834 -0.0014198928218096367
3.2932932932932935 -0.0013979010603145242
3.3033033033033035 -0.0013762499191875346
3.3133133133133135 -0.0013549341225170244
3.3233233233233235 -0.001333948476135733
3.3333333333333335 -0.0013132878663350291
3.3433433433433435 -0.001292947258620154
3.3533533533533535 -0.0012729216964797005
3.3633633633633635 -0.0012532063001800162
3.3733733733733735 -0.001233796265576073
3.3833833833833835 -0.0012146868629417916
3.3933933933933935 -0.0011958734358316371
3.4034034034034035 -0.0011773513998594
3.4134134134134135 -0.001159116241724688
3.4234234234234235 -0.0011411635180165367
3.4334334334334335 -0.0011234888541430284
3.4434434434434436 -0.0011060879432816105
3.4534534534534536 -0.0010889565453208988
3.4634634634634636 -0.001072090485822916
3.4734734734734736 -0.001055485655015582
3.4834834834834836 -0.0010391380067828612
3.4934934934934936 -0.0010230435576841891
3.5035035035035036 -0.0010071983859781892
3.5135135135135136 -0.00099159863067285
3.5235235235235236 -0.0009762404905774624
3.5335335335335336 -0.0009611202233824932
3.5435435435435436 -0.0009462341447447787
3.5535535535535536 -0.0009315786273887775
3.5635635635635636 -0.0009171501002249575
3.5735735735735736 -0.0009029450474759575
3.5835835835835836 -0.0008889600078224996
3.5935935935935936 -0.0008751915735589302
3.6036036036036037 -0.0008616363897628943
3.6136136136136137 -0.000848291153510944
3.6236236236236237 -0.0008351526129366712
3.6336336336336337 -0.0008222175666467962
3.6436436436436437 -0.0008094828628002747
3.6536536536536537 -0.0007969453983752853
3.6636636636636637 -0.0007846021184133763
3.6736736736736737 -0.0007724500152754183
3.6836836836836837 -0.0007604861279061745
3.6936936936936937 -0.000748707541116422
3.7037037037037037 -0.0007371113848701885
3.7137137137137137 -0.0007256948335851435
3.7237237237237237 -0.0007144551054452355
3.7337337337337337 -0.0007033894617220453
3.7437437437437437 -0.0006924952061061741
3.7537537537537538 -0.0006817696840524144
3.7637637637637638 -0.0006712102821315874
3.7737737737737738 -0.0006608144273940252
3.7837837837837838 -0.0006505795867416866
3.793793793793794 -0.0006405032663120837
3.803803803803804 -0.0006305830108696934
3.813813813813814 -0.0006208164032077254
3.823823823823824 -0.000611201063559645
3.833833833833834 -0.0006017346490185993
3.843843843843844 -0.0005924148529662198
3.853853853853854 -0.0005832394045118333
3.863863863863864 -0.0005742060679369429
3.873873873873874 -0.0005653126421527111
3.883883883883884 -0.0005565569601620959
3.893893893893894 -0.0005479368885322009
3.903903903903904 -0.0005394503268741236
3.913913913913914 -0.0005310952073321426
3.923923923923924 -0.0005228694940781447
3.933933933933934 -0.000514771182816792
3.943943943943944 -0.0005067983002964973
3.953953953953954 -0.0004989489038288662
3.963963963963964 -0.0004912210808153714
3.973973973973974 -0.00048361294828075705
3.983983983983984 -0.00047612265241460627
3.993993993993994 -0.0004687483681192966
4.004004004004004 -0.00046148829856691845
4.014014014014014 -0.00045434067475808466
4.024024024024024 -0.00044730375509370503
4.034034034034034 -0.0004403758249493986
4.044044044044044 -0.00043355519625793787
4.054054054054054 -0.0004268402070979466
4.064064064064064 -0.0004202292212888556
4.074074074074074 -0.00041372062799209617
4.084084084084084 -0.00040731284131867353
4.094094094094094 -0.0004010042999428347
4.104104104104104 -0.0003947934667301026
4.114114114114114 -0.0003886788283277835
4.124124124124124 -0.00038265889484927706
4.134134134134134 -0.0003767321994749637
4.1441441441441444 -0.000370897298104347
4.1541541541541545 -0.00036515276900244765
4.1641641641641645 -0.0003594972124588256
4.1741741741741745 -0.00035392925043855515
4.1841841841841845 -0.00034844752625160793
4.1941941941941945 -0.00034305070422104353
4.2042042042042045 -0.00033773746935745287
4.2142142142142145 -0.0003325065270386459
4.2242242242242245 -0.00032735660269406734
4.2342342342342345 -0.00032228644149455296
4.2442442442442445 -0.00031729480804610857
4.2542542542542545 -0.0003123804860885039
4.2642642642642645 -0.0003075422782003324
4.2742742742742745 -0.00030277900550603853
4.2842842842842845 -0.00029808950738904877
4.2942942942942945 -0.00029347264120865645
4.3043043043043046 -0.00028892728202208523
4.314314314314315 -0.0002844523223100758
4.324324324324325 -0.00028004667170692174
4.334334334334335 -0.00027570925673526473
4.344344344344345 -0.00027143902054386327
4.354354354354355 -0.00026723492265050015
4.364364364364365 -0.00026309593868834334
4.374374374374375 -0.0002590210601563721
4.384384384384385 -0.00025500929417353427
4.394394394394395 -0.00025105966323686
4.404404404404405 -0.0002471712049833678
4.414414414414415 -0.00024334297195551167
4.424424424424425 -0.00023957403137027763
4.434434434434435 -0.0002358634648911511
4.444444444444445 -0.00023221036840765578
4.454454454454455 -0.0002286138518093937
4.464464464464465 -0.0002250730387739516
4.474474474474475 -0.00022158706655131267
4.484484484484485 -0.00021815508575408874
4.494494494494495 -0.00021477626015072176
4.504504504504505 -0.00021144976646068426
4.514514514514515 -0.0002081747941554873
4.524524524524525 -0.0002049505452600668
4.534534534534535 -0.00020177623415864438
4.544544544544545 -0.00019865108740338276
4.554554554554555 -0.0001955743435257213
4.564564564564565 -0.0001925452528510336
4.574574574574575 -0.00018956307731590817
4.584584584584585 -0.00018662709028816402
4.594594594594595 -0.0001837365763900144
4.604604604604605 -0.00018089083132360464
4.614614614614615 -0.0001780891616994566
4.624624624624625 -0.00017533088486750727
4.634634634634635 -0.00017261532875084644
4.644644644644645 -0.00016994183168175862
4.654654654654655 -0.00016730974224067147
4.664664664664665 -0.0001647184190974003
4.674674674674675 -0.00016216723085498637
4.684684684684685 -0.00015965555589523054
4.694694694694695 -0.00015718278222808183
4.704704704704705 -0.00015474830734251392
4.714714714714715 -0.00015235153805876514
4.724724724724725 -0.000149991890384611
4.734734734734735 -0.000147668789372895
4.744744744744745 -0.00014538166898134708
4.754754754754755 -0.00014312997193463952
4.764764764764765 -0.0001409131495887664
4.774774774774775 -0.00013873066179681675
4.784784784784785 -0.00013658197677894306
4.794794794794795 -0.0001344665709907251
4.804804804804805 -0.00013238392899664415
4.814814814814815 -0.00013033354334435212
4.824824824824825 -0.00012831491444117695
4.834834834834835 -0.00012632755043224996
4.844844844844845 -0.00012437096708063056
4.854854854854855 -0.00012244468764938555
4.864864864864865 -0.00012054824278533604
4.874874874874875 -0.00011868117040483023
4.884884884884885 -0.0001168430155811793
4.894894894894895 -0.00011503333043330201
4.904904904904905 -0.00011325167401741126
4.914914914914915 -0.00011149761221903447
4.924924924924925 -0.0001097707176472696
4.934934934934935 -0.00010807056953079274
4.944944944944945 -0.00010639675361558728
4.954954954954955 -0.00010474886206327365
4.964964964964965 -0.00010312649335228826
4.974974974974975 -0.00010152925217996458
4.984984984984985 -9.995674936615896e-5
4.994994994994995 -9.840860175842726e-5
5.005005005005005 -9.688443213868051e-5
5.015015015015015 -9.538386913123643e-5
5.025025025025025 -9.390654711247077e-5
5.035035035035035 -9.245210612146996e-5
5.045045045045045 -9.102019177257012e-5
5.055055055055055 -8.961045516887518e-5
5.065065065065065 -8.822255281727142e-5
5.075075075075075 -8.685614654474823e-5
5.085085085085085 -8.551090341600912e-5
5.095095095095095 -8.418649565231807e-5
5.105105105105105 -8.288260055161757e-5
5.115115115115115 -8.159890040996001e-5
5.125125125125125 -8.033508244406759e-5
5.135135135135135 -7.909083871507465e-5
5.145145145145145 -7.786586605357617e-5
5.155155155155155 -7.665986598569766e-5
5.165165165165165 -7.547254466041658e-5
5.175175175175175 -7.430361277789121e-5
5.185185185185185 -7.315278551903959e-5
5.195195195195195 -7.201978247611686e-5
5.205205205205205 -7.090432758439586e-5
5.215215215215215 -6.980614905487852e-5
5.225225225225225 -6.872497930809355e-5
5.235235235235235 -6.766118112408394e-5
5.245245245245245 -6.661321939475994e-5
5.255255255255255 -6.558148919253564e-5
5.265265265265265 -6.456573910141973e-5
5.275275275275275 -6.356572159979444e-5
5.285285285285285 -6.258119300104173e-5
5.295295295295295 -6.161191339252667e-5
5.305305305305305 -6.0657646579134985e-5
5.315315315315315 -5.971816002404536e-5
5.325325325325325 -5.879322479257917e-5
5.335335335335335 -5.788261549652818e-5
5.345345345345345 -5.698611023887229e-5
5.355355355355355 -5.610349056070853e-5
5.365365365365365 -5.5234541386328515e-5
5.375375375375375 -5.4379050972011614e-5
5.385385385385385 -5.35368108535433e-5
5.395395395395395 -5.270761579651333e-5
5.405405405405405 -5.189126374551368e-5
5.415415415415415 -5.10875557749729e-5
5.425425425425425 -5.0296296040625405e-5
5.435435435435435 -4.95172917319116e-5
5.445445445445445 -4.8750353025052786e-5
5.455455455455455 -4.7995293036534e-5
5.465465465465465 -4.725192777761356e-5
5.475475475475475 -4.652007610984768e-5
5.485485485485485 -4.579955970037084e-5
5.495495495495495 -4.509020297881026e-5
5.505505505505505 -4.439183309396629e-5
5.515515515515515 -4.37042798726364e-5
5.525525525525525 -4.302737577715908e-5
5.535535535535535 -4.2360955865260093e-5
5.545545545545545 -4.170485774956588e-5
5.555555555555555 -4.10589215578355e-5
5.565565565565565 -4.0422989894128825e-5
5.575575575575575 -3.9796907800887044e-5
5.585585585585585 -3.918052272049619e-5
5.595595595595595 -3.857368445841821e-5
5.605605605605605 -3.7976245147073624e-5
5.615615615615615 -3.7388059208216206e-5
5.625625625625625 -3.680898331940394e-5
5.635635635635635 -3.623887637818061e-5
5.645645645645645 -3.567759946686583e-5
5.655655655655655 -3.5125015820349825e-5
5.665665665665665 -3.458099079167527e-5
5.675675675675675 -3.404539181950142e-5
5.685685685685685 -3.351808839572896e-5
5.6956956956956954 -3.299895203367857e-5
5.7057057057057055 -3.2487856236958386e-5
5.7157157157157155 -3.198467646840902e-5
5.7257257257257255 -3.1489290119933864e-5
5.7357357357357355 -3.100157648247282e-5
5.7457457457457455 -3.052141671673134e-5
5.7557557557557555 -3.0048693823980637e-5
5.7657657657657655 -2.9583292617862918e-5
5.7757757757757755 -2.9125099696057626e-5
5.7857857857857855 -2.867400341273212e-5
5.7957957957957955 -2.8229893851483648e-5
5.8058058058058055 -2.779266279825423e-5
5.8158158158158155 -2.7362203715163367e-5
5.8258258258258255 -2.693841171451168e-5
5.8358358358358355 -2.6521183533149625e-5
5.8458458458458455 -2.611041750749016e-5
5.8558558558558556 -2.570601354849221e-5
5.865865865865866 -2.530787311776414e-5
5.875875875875876 -2.4915899202169655e-5
5.885885885885886 -2.4529996292170442e-5
5.895895895895896 -2.4150070357261823e-5
5.905905905905906 -2.377602882334015e-5
5.915915915915916 -2.3407780550350027e-5
5.925925925925926 -2.3045235809408574e-5
5.935935935935936 -2.2688306261903625e-5
5.945945945945946 -2.233690493736493e-5
5.955955955955956 -2.1990946212240018e-5
5.965965965965966 -2.1650345789329693e-5
5.975975975975976 -2.1315020677052798e-5
5.985985985985986 -2.0984889169255766e-5
5.995995995995996 -2.0659870825327084e-5
6.006006006006006 -2.0339886450558532e-5
6.016016016016016 -2.0024858076877243e-5
6.026026026026026 -1.9714708943821313e-5
6.036036036036036 -1.940936347986268e-5
6.046046046046046 -1.910874728397589e-5
6.056056056056056 -1.8812787107487754e-5
6.066066066066066 -1.8521410836258152e-5
6.076076076076076 -1.8234547473130132e-5
6.086086086086086 -1.79521271205535e-5
6.096096096096096 -1.767408096361813e-5
6.106106106106106 -1.7400341253211805e-5
6.116116116116116 -1.7130841289655297e-5
6.126126126126126 -1.6865515406358416e-5
6.136136136136136 -1.660429895359036e-5
6.146146146146146 -1.634712828319797e-5
6.156156156156156 -1.6093940732773696e-5
6.166166166166166 -1.5844674610460938e-5
6.176176176176176 -1.559926917989205e-5
6.186186186186186 -1.5357664645439613e-5
6.196196196196196 -1.5119802137628911e-5
6.206206206206206 -1.4885623698781844e-5
6.216216216216216 -1.4655072268884805e-5
6.226226226226226 -1.4428091671714729e-5
6.236236236236236 -1.4204626601126314e-5
6.246246246246246 -1.3984622607580892e-5
6.256256256256257 -1.3768026084885246e-5
6.266266266266267 -1.355478425713013e-5
6.276276276276277 -1.3344845165785164e-5
6.286286286286287 -1.3138157657168586e-5
6.296296296296297 -1.2934671369800042e-5
6.306306306306307 -1.2734336722256462e-5
6.316316316316317 -1.253710490105449e-5
6.326326326326327 -1.2342927848747646e-5
6.336336336336337 -1.2151758252231176e-5
6.346346346346347 -1.1963549531196671e-5
6.356356356356357 -1.1778255826793744e-5
6.366366366366367 -1.1595831990469466e-5
6.376376376376377 -1.1416233572933148e-5
6.386386386386387 -1.1239416813318178e-5
6.396396396396397 -1.1065338628670692e-5
6.406406406406407 -1.0893956603109802e-5
6.416416416416417 -1.0725228977863044e-5
6.426426426426427 -1.055911464088797e-5
6.436436436436437 -1.039557311692407e-5
6.446446446446447 -1.0234564557582336e-5
6.456456456456457 -1.0076049731667526e-5
6.466466466466467 -9.919990015612624e-6
6.476476476476477 -9.766347384065316e-6
6.486486486486487 -9.615084400621122e-6
6.496496496496497 -9.466164208709976e-6
6.506506506506507 -9.319550522584029e-6
6.516516516516517 -9.17520761856639e-6
6.526526526526527 -9.033100326217458e-6
6.536536536536537 -8.893194019847403e-6
6.546546546546547 -8.755454610064066e-6
6.556556556556557 -8.619848535462155e-6
6.566566566566567 -8.48634275444489e-6
6.576576576576577 -8.354904737177885e-6
6.586586586586587 -8.225502457657229e-6
6.596596596596597 -8.098104385906609e-6
6.606606606606607 -7.972679480297266e-6
6.616616616616617 -7.849197179985341e-6
6.626626626626627 -7.727627397455561e-6
6.636636636636637 -7.607940511204137e-6
6.646646646646647 -7.490107358511572e-6
6.656656656656657 -7.374099228340295e-6
6.666666666666667 -7.259887854336022e-6
6.676676676676677 -7.147445407941563e-6
6.686686686686687 -7.036744491621167e-6
6.696696696696697 -6.927758132175407e-6
6.706706706706707 -6.820459774173706e-6
6.716716716716717 -6.714823273379609e-6
6.726726726726727 -6.6108228908049914e-6
6.736736736736737 -6.50843328579055e-6
6.746746746746747 -6.407629510270582e-6
6.756756756756757 -6.308387002582984e-6
6.766766766766767 -6.210681581478204e-6
6.776776776776777 -6.114489440237627e-6
6.786786786786787 -6.019787140867226e-6
6.796796796796797 -5.926551608379599e-6
6.806806806806807 -5.834760125186919e-6
6.816816816816817 -5.7443903255540205e-6
6.826826826826827 -5.655420190152441e-6
6.836836836836837 -5.567828040695108e-6
6.846846846846847 -5.4815925346466025e-6
6.856856856856857 -5.3966926600512205e-6
6.866866866866867 -5.313107730366391e-6
6.876876876876877 -5.230817379463943e-6
6.886886886886887 -5.1498015566432855e-6
6.896896896896897 -5.070040521758617e-6
6.906906906906907 -4.991514840401556e-6
6.916916916916917 -4.914205379169616e-6
6.926926926926927 -4.838093301003021e-6
6.936936936936937 -4.763160060595535e-6
6.946946946946947 -4.689387399873738e-6
6.956956956956957 -4.61675734355134e-6
6.966966966966967 -4.5452521947445525e-6
6.976976976976977 -4.474854530665704e-6
6.986986986986987 -4.4055471983714645e-6
6.996996996996997 -4.337313310595338e-6
7.007007007007007 -4.270136241618196e-6
7.017017017017017 -4.2039996232236615e-6
7.027027027027027 -4.13888734071375e-6
7.037037037037037 -4.074783528973189e-6
7.047047047047047 -4.011672568613938e-6
7.057057057057057 -3.9495390821622815e-6
7.067067067067067 -3.888367930316182e-6
7.077077077077077 -3.828144208251966e-6
7.087087087087087 -3.7688532419970807e-6
7.097097097097097 -3.7104805848508698e-6
7.107107107107107 -3.6530120138682336e-6
7.117117117117117 -3.5964335263907493e-6
7.127127127127127 -3.5407313366373665e-6
7.137137137137137 -3.485891872342725e-6
7.147147147147147 -3.4319017714530405e-6
7.157157157157157 -3.3787478788675415e-6
7.167167167167167 -3.326417243235087e-6
7.177177177177177 -3.2748971137976088e-6
7.187187187187187 -3.2241749372843155e-6
7.197197197197197 -3.1742383548498388e-6
7.207207207207207 -3.1250751990683753e-6
7.217217217217217 -3.076673490963783e-6
7.227227227227227 -3.0290214370928952e-6
7.237237237237237 -2.9821074266715407e-6
7.247247247247247 -2.9359200287466192e-6
7.257257257257257 -2.8904479894096016e-6
7.267267267267267 -2.8456802290544073e-6
7.277277277277277 -2.8016058396790736e-6
7.287287287287287 -2.758214082198887e-6
7.297297297297297 -2.7154943839402914e-6
7.307307307307307 -2.673436335899053e-6
7.317317317317317 -2.632029690317547e-6
7.327327327327327 -2.5912643581524153e-6
7.337337337337337 -2.5511304066261814e-6
7.347347347347347 -2.5116180568001506e-6
7.357357357357357 -2.4727176811925206e-6
7.367367367367367 -2.434419801437363e-6
7.377377377377377 -2.396715085969272e-6
7.387387387387387 -2.3595943477499517e-6
7.397397397397397 -2.323048542037042e-6
7.407407407407407 -2.2870687641710344e-6
7.4174174174174174 -2.251646247408731e-6
7.4274274274274275 -2.2167723607926765e-6
7.4374374374374375 -2.182438607036733e-6
7.4474474474474475 -2.1486366204674257e-6
7.4574574574574575 -2.1153581649790477e-6
7.4674674674674675 -2.0825951320280884e-6
7.4774774774774775 -2.0503395386568767e-6
7.4874874874874875 -2.0185835255512637e-6
7.4974974974974975 -1.9873193551227986e-6
7.5075075075075075 -1.9565394096218932e-6
7.5175175175175175 -1.9262361892886055e-6
7.5275275275275275 -1.8964023105173598e-6
7.5375375375375375 -1.8670305040627202e-6
7.5475475475475475 -1.8381136132660744e-6
7.5575575575575575 -1.809644592311495e-6
7.5675675675675675 -1.78161650451204e-6
7.5775775775775776 -1.754022520617684e-6
7.587587587587588 -1.7268559171491335e-6
7.597597597597598 -1.7001100747618538e-6
7.607607607607608 -1.6737784766341257e-6
7.617617617617618 -1.6478547068775413e-6
7.627627627627628 -1.622332448972879e-6
7.637637637637638 -1.5972054842344156e-6
7.647647647647648 -1.5724676902914764e-6
7.657657657657658 -1.5481130395978755e-6
7.667667667667668 -1.5241355979631455e-6
7.677677677677678 -1.5005295231067043e-6
7.687687687687688 -1.4772890632346286e-6
7.697697697697698 -1.4544085556373243e-6
7.707707707707708 -1.4318824253106835e-6
7.717717717717718 -1.4097051835980526e-6
7.727727727727728 -1.3878714268489294e-6
7.737737737737738 -1.3663758351089622e-6
7.747747747747748 -1.3452131708190067e-6
7.757757757757758 -1.3243782775399372e-6
7.767767767767768 -1.3038660786969547e-6
7.777777777777778 -1.2836715763420515e-6
7.787787787787788 -1.2637898499360601e-6
7.797797797797798 -1.244216055150329e-6
7.807807807807808 -1.2249454226858709e-6
7.817817817817818 -1.2059732571112976e-6
7.827827827827828 -1.1872949357195911e-6
7.837837837837838 -1.1689059074004614e-6
7.847847847847848 -1.1508016915322168e-6
7.857857857857858 -1.1329778768897647e-6
7.867867867867868 -1.115430120569803e-6
7.877877877877878 -1.0981541469328897e-6
7.887887887887888 -1.0811457465611462e-6
7.897897897897898 -1.064400775233312e-6
7.907907907907908 -1.047915152914197e-6
7.917917917917918 -1.0316848627611175e-6
7.927927927927928 -1.015705950145292e-6
7.937937937937938 -9.999745216873297e-7
7.947947947947948 -9.84486744310985e-7
7.957957957957958 -9.692388443026132e-7
7.967967967967968 -9.542271064018944e-7
7.977977977977978 -9.39447872888164e-7
7.987987987987988 -9.248975426932874e-7
7.997997997997998 -9.105725705230006e-7
8.008008008008009 -8.964694659930862e-7
8.018018018018019 -8.825847927786108e-7
8.028028028028029 -8.689151677776527e-7
8.038038038038039 -8.554572602860119e-7
8.048048048048049 -8.422077911862238e-7
8.058058058058059 -8.291635321481604e-7
8.068068068068069 -8.163213048426563e-7
8.078078078078079 -8.036779801674605e-7
8.088088088088089 -7.912304774839339e-7
8.098098098098099 -7.789757638670552e-7
8.108108108108109 -7.669108533664022e-7
8.118118118118119 -7.550328062783877e-7
8.128128128128129 -7.433387284300013e-7
8.138138138138139 -7.318257704738552e-7
8.148148148148149 -7.204911271936706e-7
8.158158158158159 -7.093320368196029e-7
8.168168168168169 -6.983457803603217e-7
8.178178178178179 -6.875296809318017e-7
8.188188188188189 -6.768811031147208e-7
8.198198198198199 -6.66397452304268e-7
8.208208208208209 -6.560761740824191e-7
8.218218218218219 -6.459147535944648e-7
8.228228228228229 -6.359107149361376e-7
8.238238238238239 -6.260616205504246e-7
8.248248248248249 -6.163650706338583e-7
8.258258258258259 -6.068187025509252e-7
8.268268268268269 -5.974201902595923e-7
8.278278278278279 -5.881672437438383e-7
8.288288288288289 -5.790576084557269e-7
8.298298298298299 -5.700890647662622e-7
8.308308308308309 -5.612594274243823e-7
8.318318318318319 -5.52566545024443e-7
8.328328328328329 -5.440082994824345e-7
8.338338338338339 -5.355826055194516e-7
8.348348348348349 -5.272874101536562e-7
8.358358358358359 -5.191206922003381e-7
8.368368368368369 -5.110804617791537e-7
8.378378378378379 -5.031647598292745e-7
8.388388388388389 -4.953716576324317e-7
8.398398398398399 -4.876992563421818e-7
8.408408408408409 -4.801456865223025e-7
8.418418418418419 -4.7270910769054217e-7
8.428428428428429 -4.653877078700919e-7
8.438438438438439 -4.5817970314875346e-7
8.448448448448449 -4.5108333724363137e-7
8.458458458458459 -4.4409688107343514e-7
8.468468468468469 -4.3721863233716163e-7
8.478478478478479 -4.304469150996289e-7
8.488488488488489 -4.2378007938257346e-7
8.498498498498499 -4.172165007628068e-7
8.508508508508509 -4.1075457997663734e-7
8.518518518518519 -4.0439274253088767e-7
8.528528528528529 -3.981294383159417e-7
8.538538538538539 -3.919631412330413e-7
8.548548548548549 -3.85892348818731e-7
8.558558558558559 -3.799155818804435e-7
8.568568568568569 -3.740313841354517e-7
8.578578578578579 -3.6823832185599023e-7
8.588588588588589 -3.62534983520729e-7
8.598598598598599 -3.5691997946908687e-7
8.608608608608609 -3.513919415647875e-7
8.618618618618619 -3.4594952286126793e-7
8.62862862862863 -3.4059139727347803e-7
8.63863863863864 -3.35316259255199e-7
8.64864864864865 -3.3012282348080826e-7
8.65865865865866 -3.2500982453160166e-7
8.66866866866867 -3.199760165882738e-7
8.67867867867868 -3.1502017312695427e-7
8.68868868868869 -3.101410866203475e-7
8.6986986986987 -3.0533756824351326e-7
8.70870870870871 -3.006084475842315e-7
8.71871871871872 -2.95952572357897e-7
8.72872872872873 -2.913688081266365e-7
8.73873873873874 -2.868560380229416e-7
8.74874874874875 -2.824131624775472e-7
8.75875875875876 -2.780390989515248e-7
8.76876876876877 -2.737327816724841e-7
8.77877877877878 -2.694931613749035e-7
8.78878878878879 -2.653192050444969e-7
8.7987987987988 -2.6120989566636874e-7
8.80880880880881 -2.57164231977485e-7
8.81881881881882 -2.531812282224341e-7
8.82882882882883 -2.49259913913401e-7
8.83883883883884 -2.4539933359359087e-7
8.84884884884885 -2.415985466043674e-7
8.85885885885886 -2.3785662685685618e-7
8.86886886886887 -2.341726626047573e-7
8.87887887887888 -2.3054575622343193e-7
8.88888888888889 -2.269750239907008e-7
8.8988988988989 -2.2345959587189112e-7
8.90890890890891 -2.1999861530724939e-7
8.91891891891892 -2.1659123900370858e-7
8.92892892892893 -2.1323663672929028e-7
8.93893893893894 -2.099339911107412e-7
8.94894894894895 -2.06682497434442e-7
8.95895895895896 -2.0348136345033945e-7
8.96896896896897 -2.0032980917885134e-7
8.97897897897898 -1.9722706672089815e-7
8.98898898898899 -1.941723800707013e-7
8.998998998999 -1.9116500493165492e-7
9.00900900900901 -1.882042085349948e-7
9.01901901901902 -1.852892694610723e-7
9.02902902902903 -1.824194774638314e-7
9.03903903903904 -1.795941332976079e-7
9.04904904904905 -1.7681254854678305e-7
9.05905905905906 -1.7407404545795223e-7
9.06906906906907 -1.7137795677497383e-7
9.07907907907908 -1.6872362557622644e-7
9.08908908908909 -1.6611040511465476e-7
9.0990990990991 -1.6353765866010415e-7
9.10910910910911 -1.6100475934414901e-7
9.11911911911912 -1.5851109000749097e-7
9.12912912912913 -1.5605604304948594e-7
9.13913913913914 -1.5363902028007442e-7
9.14914914914915 -1.512594327743064e-7
9.15915915915916 -1.489167007280061e-7
9.16916916916917 -1.466102533176846e-7
9.17917917917918 -1.4433952856066092e-7
9.18918918918919 -1.4210397317822642e-7
9.1991991991992 -1.3990304246134168e-7
9.20920920920921 -1.3773620013705374e-7
9.21921921921922 -1.3560291823850843e-7
9.22922922922923 -1.335026769760995e-7
9.23923923923924 -1.3143496461076146e-7
9.24924924924925 -1.2939927732935553e-7
9.25925925925926 -1.2739511912186696e-7
9.26926926926927 -1.2542200166061545e-7
9.27927927927928 -1.2347944418121464e-7
9.28928928928929 -1.215669733653397e-7
9.2992992992993 -1.1968412322564605e-7
9.30930930930931 -1.1783043499197745e-7
9.31931931931932 -1.160054569997642e-7
9.32932932932933 -1.1420874457984498e-7
9.33933933933934 -1.1243985995018224e-7
9.34934934934935 -1.1069837210918291e-7
9.35935935935936 -1.0898385673066276e-7
9.36936936936937 -1.0729589606051807e-7
9.37937937937938 -1.056340788148574e-7
9.38938938938939 -1.0399800007984889e-7
9.3993993993994 -1.0238726121300353e-7
9.40940940940941 -1.0080146974609583e-7
9.41941941941942 -9.924023928952616e-8
9.42942942942943 -9.770318943803833e-8
9.43943943943944 -9.618994567849642e-8
9.44944944944945 -9.47001392979327e-8
9.45945945945946 -9.323340729419445e-8
9.46946946946947 -9.178939228738841e-8
9.47947947947948 -9.036774243276477e-8
9.48948948948949 -8.896811133501242e-8
9.4994994994995 -8.759015796382019e-8
9.50950950950951 -8.623354657088447e-8
9.51951951951952 -8.489794660795704e-8
9.52952952952953 -8.358303264640738e-8
9.53953953953954 -8.228848429791653e-8
9.54954954954955 -8.101398613633825e-8
9.55955955955956 -7.975922762093519e-8
9.56956956956957 -7.852390302070123e-8
9.57957957957958 -7.730771133982921e-8
9.58958958958959 -7.611035624425129e-8
9.5995995995996 -7.493154598993032e-8
9.60960960960961 -7.37709933510917e-8
9.61961961961962 -7.26284155505286e-8
9.62962962962963 -7.15035341910606e-8
9.63963963963964 -7.039607518706634e-8
9.64964964964965 -6.93057686981494e-8
9.65965965965966 -6.823234906315378e-8
9.66966966966967 -6.717555473564686e-8
9.67967967967968 -6.613512821999001e-8
9.68968968968969 -6.511081600870705e-8
9.6996996996997 -6.410236852065806e-8
9.70970970970971 -6.310954004033923e-8
9.71971971971972 -6.213208865782774e-8
9.72972972972973 -6.116977621003719e-8
9.73973973973974 -6.022236822253155e-8
9.74974974974975 -5.928963385247681e-8
9.75975975975976 -5.837134583236962e-8
9.76976976976977 -5.746728041465187e-8
9.77977977977978 -5.657721731722991e-8
9.78978978978979 -5.570093966976407e-8
9.7997997997998 -5.4838233960827386e-8
9.80980980980981 -5.3988889985916243e-8
9.81981981981982 -5.315270079619833e-8
9.82982982982983 -5.23294626481013e-8
9.83983983983984 -5.1518974953670886e-8
9.84984984984985 -5.0721040231696195e-8
9.85985985985986 -4.9935464059592625e-8
9.86986986986987 -4.916205502600614e-8
9.87987987987988 -4.840062468421271e-8
9.88988988988989 -4.765098750617881e-8
9.8998998998999 -4.691296083736303e-8
9.90990990990991 -4.618636485219677e-8
9.91991991991992 -4.547102251030261e-8
9.92992992992993 -4.4766759513618894e-8
9.93993993993994 -4.407340426274146e-8
9.94994994994995 -4.3390787816935533e-8
9.95995995995996 -4.271874385172906e-8
9.96996996996997 -4.205710861876455e-8
9.97997997997998 -4.1405720905871466e-8
9.98998998998999 -4.07644219975395e-8
10.0 -4.013305563672038e-8
