0.0 -0.3159125650413457
0.0003256486161840044 -0.315736432505999
0.0020450678386296772 -0.31480806662884975
0.0059611320971098 -0.31270390330446407
0.012160645457170993 -0.30940195201091614
0.02070853733504574 -0.304907369039147
0.03169569883404444 -0.2992278646459264
0.045242495852027 -0.2923736629177988
0.06150287502088014 -0.28435784117576696
0.08066959241992411 -0.27519691881783814
0.10298075467768397 -0.26491178787931396
0.12872783814854571 -0.2535291257019085
0.15826533163909584 -0.24108345986027147
0.19202210850599588 -0.22762007120690425
0.23051457447575974 -0.21319889671694475
0.27436156959947944 -0.19789951003663508
0.3243009499667715 -0.1818270717933813
0.381207771390224 -0.1651188671752502
0.4461140774708605 -0.14795062546282195
0.5202304736563468 -0.13054137842996452
0.6049699255870622 -0.11315518709228173
0.7019744934479988 -0.09609784444076595
0.8131459311179756 -0.07970676471598194
0.9406811964088324 -0.06433289034262162
1.087113946826923 -0.050314638550923406
1.2553630854528208 -0.037945699261874535
1.4487894309208604 -0.027440711576986628
1.6712616499325872 -0.018904984917867823
1.9272327202723982 -0.012315720476755856
2.221828380986557 -0.007521566333797593
2.5609492643382525 -0.004264031283618349
2.951388684629075 -0.002218440396715425
3.4009683796822343 -0.0010454376179638493
3.918694863479122 -0.0004395636476429049
4.514939457467449 -0.00016206144620235362
5.201645528719768 -5.135603986447308e-5
5.992566981230574 -1.3669766472795144e-5
6.903542626923276 -2.9763019338448975e-6
7.952811708406449 -5.141421160305794e-7
9.161376555655465 -6.803235151804547e-8
10.553419126819675 -6.622146620338223e-9
12.156778992688299 -4.5258453045895875e-10
14.003501142209274 -2.058393403188671e-11
16.130462754674834 -5.857105028174231e-13
18.580088704741925 -9.712472513812006e-15
21.401165880024553 -8.64990106473381e-17
24.64976614420966 -3.766819352306563e-19
28.390286575756484 -7.201415728505581e-22
32.69661284413594 -5.341230976000751e-25
37.65340632724079 -1.3338731759725073e-28
43.35750644000602 -9.537969232988104e-33
49.91942459493859 -1.6231078370451275e-37
57.46488230471514 -5.3261857581719705e-43
66.1363090284966 -2.655504368152198e-49
76.09415987302076 -1.5378820384662216e-56
87.51783209922404 -7.662331752486894e-65
100.60584447936688 -2.3560265914911537e-74
115.57478763964791 -3.1114709825879796e-85
132.65635450967073 -1.1976406714212485e-97
152.09152968430905 -8.976734148996121e-112
174.1207958237596 -8.761165196860468e-128
198.9690966180141 -7.641369264689132e-146
226.82444761890096 -4.348097713679736e-166
257.8097600195044 -1.314062709776024e-188
291.94892292045984 -2.026559303234695e-213
329.1306290584594 -1.9214341476778542e-240
369.07654087450703 -1.7844583794845526e-269
411.32312129328665 -3.526096618028481e-300
455.22696977927546 -0.0
499.9999999999998 -0.7587199200335577e-99
544.7730302207245 -1.0329963935624146e-90
588.6768787067133 -4.738171471964661e-82
630.923459125493 -1.023695584401454e-73
670.8693709415406 -7.777617150455461e-66
708.0510770795402 -1.683409122914389e-58
742.1902399804956 -9.147211532429816e-52
773.175552381099 -1.186272861044084e-45
801.0309033819859 -3.711848339166588e-40
825.8792041762404 -2.9631523246226287e-35
847.9084703156909 -6.57306995175508e-31
867.3436454903292 -4.487565162184627e-27
884.4252123603521 -1.051779782075749e-23
899.3941555206331 -9.441755037132426e-21
912.482167900776 -3.606647750557942e-18
923.9058401269792 -6.468559971311245e-16
933.8636909715034 -5.961133950479817e-14
942.5351176952848 -3.062384319422193e-12
950.0805754050614 -9.433116856115045e-11
956.642493559994 -1.8587220554702488e-9
962.3465936727592 -2.480505567451831e-8
967.303387155864 -2.3574070180088968e-7
971.6097134242435 -1.6672563664775544e-6
975.3502338557903 -9.118973420182211e-6
978.5988341199754 -3.988794879028918e-5
981.4199112952581 -0.00014367927806041092
983.8695372453252 -0.00043718506073805807
985.9964988577907 -0.0011488943325746591
987.8432210073117 -0.002658325724195984
989.4465808731803 -0.005507124546498477
990.8386234443445 -0.010364590626835701
992.0471882915936 -0.01794660280647005
993.0964573730768 -0.028905860024261196
994.0074330187695 -0.04372265297300514
994.7983544712803 -0.06262422808570665
995.4850605425326 -0.08554965751215388
996.0813051365209 -0.11216247699476056
996.5990316203178 -0.14190136193368552
997.048611315371 -0.17405292298798097
997.4390507356618 -0.2078306986679008
997.7781716190134 -0.24244807885426928
998.0727672797276 -0.27717724965354423
998.3287383500674 -0.31138997013272957
998.5512105690791 -0.3445792870530558
998.7446369145472 -0.3763642385064442
998.9128860531731 -0.4064817231684891
999.0593188035912 -0.4347705382104365
999.186854068882 -0.4611521423995121
999.298025506552 -0.48561153970868237
999.395030074413 -0.508180212752955
999.4797695263436 -0.5289218609188753
999.5538859225292 -0.5479209711644427
999.6187922286098 -0.5652738143071159
999.6756990500332 -0.5810814866967557
999.7256384304005 -0.5954445916288195
999.7694854255243 -0.6084593844870235
999.807977891494 -0.6202151492946324
999.8417346683609 -0.6307926366633646
999.8712721618515 -0.6402633410174152
999.8970192453223 -0.6486894633005413
999.9193304075801 -0.6561242835433105
999.9384971249791 -0.6626128771240695
999.954757504148 -0.668192852883955
999.968304301166 -0.6728952079057788
999.979291462665 -0.6767450968905168
999.9878393545429 -0.6797625206607445
999.9940388679029 -0.6819629110411706
999.9979549321614 -0.68335774754768
999.9996743513838 -0.6839711998691393
1000.0 -0.6840874328616458