0.0 0.7596656241886006
0.004004004004004004 0.757181316118452
0.008008008008008008 0.7547069878032613
0.012012012012012012 0.7522425655767839
0.016016016016016016 0.7497880569803694
0.02002002002002002 0.7473431463945513
0.024024024024024024 0.7449080794243118
0.028028028028028028 0.7424826704015185
0.03203203203203203 0.7400668577369286
0.036036036036036036 0.7376605793401911
0.04004004004004004 0.7352637732163332
0.044044044044044044 0.732876387061746
0.04804804804804805 0.7304983795805808
0.05205205205205205 0.728129645343872
0.056056056056056056 0.725770154022606
0.06006006006006006 0.7234198427768109
0.06406406406406406 0.7210786619227025
0.06806806806806807 0.7187465457664554
0.07207207207207207 0.7164234685106601
0.07607607607607608 0.7141093284124908
0.08008008008008008 0.711802370241952
0.08408408408408409 0.7095060844288744
0.08808808808808809 0.7072185926182315
0.0920920920920921 0.7049398509644699
0.0960960960960961 0.7026697922152787
0.1001001001001001 0.7004079632091542
0.1041041041041041 0.6981551864436137
0.10810810810810811 0.6959109183177126
0.11211211211211211 0.6936751326787358
0.11611611611611612 0.6914477937919643
0.12012012012012012 0.6892288467038433
0.12412412412412413 0.6870179711270854
0.12812812812812813 0.6848156759157333
0.13213213213213212 0.6826216437013019
0.13613613613613615 0.6804357840976897
0.14014014014014015 0.6782585381575928
0.14414414414414414 0.6760889171662264
0.14814814814814814 0.6739273532722595
0.15215215215215216 0.6717738164589604
0.15615615615615616 0.6696282384925166
0.16016016016016016 0.6674905847805539
0.16416416416416416 0.6653608261057655
0.16816816816816818 0.6632389228242451
0.17217217217217218 0.6611248353072312
0.17617617617617617 0.6590184470312379
0.18018018018018017 0.6569197644706977
0.1841841841841842 0.6548287492482134
0.1881881881881882 0.6527453689724748
0.1921921921921922 0.6506696505228335
0.1961961961961962 0.6486014058516584
0.2002002002002002 0.6465406435830156
0.2042042042042042 0.6444873607621239
0.2082082082082082 0.6424414871529266
0.2122122122122122 0.6404029805379516
0.21621621621621623 0.6383720057912061
0.22022022022022023 0.6363484797791175
0.22422422422422422 0.6343319030226358
0.22822822822822822 0.6323225491001575
0.23223223223223224 0.6303205431271277
0.23623623623623624 0.6283255322340509
0.24024024024024024 0.6263376395477415
0.24424424424424424 0.6243569875940594
0.24824824824824826 0.6223832216112203
0.25225225225225223 0.6204165115506156
0.25625625625625625 0.6184567289944919
0.2602602602602603 0.6165038928896605
0.26426426426426425 0.6145579501640387
0.2682682682682683 0.6126188808892292
0.2722722722722723 0.6106866523577764
0.27627627627627627 0.608761224725709
0.2802802802802803 0.6068425602300898
0.28428428428428426 0.6049306370665906
0.2882882882882883 0.6030254264881927
0.2922922922922923 0.6011268626154092
0.2962962962962963 0.5992349426813709
0.3003003003003003 0.5973496303616119
0.30430430430430433 0.5954713074549752
0.3083083083083083 0.5935990834864907
0.3123123123123123 0.5917333748221498
0.3163163163163163 0.589874220297597
0.3203203203203203 0.5880214222259471
0.32432432432432434 0.5861750107402507
0.3283283283283283 0.5843350875386699
0.33233233233233234 0.582501440389555
0.33633633633633636 0.5806741181161769
0.34034034034034033 0.5788530887478828
0.34434434434434436 0.5770383233927993
0.3483483483483483 0.5752297927773744
0.35235235235235235 0.5734274710979654
0.3563563563563564 0.5716313304446514
0.36036036036036034 0.5698413298029074
0.36436436436436437 0.5680574685336962
0.3683683683683684 0.5662789016792565
0.37237237237237236 0.5645071949016637
0.3763763763763764 0.5627414930970038
0.38038038038038036 0.560981831577476
0.3843843843843844 0.5592282065200611
0.3883883883883884 0.5574804822124311
0.3923923923923924 0.5557386831003555
0.3963963963963964 0.5540027852891812
0.4004004004004004 0.5522727612550066
0.4044044044044044 0.5505485883758916
0.4084084084084084 0.5488302369066964
0.4124124124124124 0.5471176798302985
0.4164164164164164 0.5454109147274334
0.42042042042042044 0.5437098747119963
0.4244244244244244 0.542014556071355
0.42842842842842843 0.540324971735513
0.43243243243243246 0.5386410162553058
0.4364364364364364 0.5369627200102743
0.44044044044044045 0.5352900313537744
0.4444444444444444 0.5336227898568947
0.44844844844844844 0.5319612738017282
0.45245245245245247 0.5303053024255324
0.45645645645645644 0.5286548553360225
0.46046046046046046 0.5270118747692966
0.4644644644644645 0.5253723707732634
0.46846846846846846 0.5237383156361182
0.4724724724724725 0.522109697291595
0.47647647647647645 0.520486492543384
0.4804804804804805 0.5188686681656042
0.4844844844844845 0.5172561858082485
0.48848848848848847 0.5156490859623916
0.4924924924924925 0.5140472839959231
0.4964964964964965 0.5124507843593069
0.5005005005005005 0.5108595496408601
0.5045045045045045 0.5092735689402024
0.5085085085085085 0.5077025518292483
0.5125125125125125 0.5061268328417478
0.5165165165165165 0.5045563026173138
0.5205205205205206 0.5029909425217391
0.5245245245245245 0.50142377741166
0.5285285285285285 0.49986886204937203
0.5325325325325325 0.4983190042286693
0.5365365365365365 0.49677423154677475
0.5405405405405406 0.4952345192192037
0.5445445445445446 0.4936998492898378
0.5485485485485485 0.4921702391831105
0.5525525525525525 0.4906455935192495
0.5565565565565566 0.4891259267198253
0.5605605605605606 0.48761122193793455
0.5645645645645646 0.4861014593853315
0.5685685685685685 0.4845966179439281
0.5725725725725725 0.4830969735577229
0.5765765765765766 0.48160191239089367
0.5805805805805806 0.4801117160127069
0.5845845845845846 0.47862636333921027
0.5885885885885885 0.4771458406980217
0.5925925925925926 0.47567012053581975
0.5965965965965966 0.4741991806880964
0.6006006006006006 0.47273301798598744
0.6046046046046046 0.47127160513045663
0.6086086086086087 0.46981492779095324
0.6126126126126126 0.46836296074816813
0.6166166166166166 0.46691569192456767
0.6206206206206206 0.4654730984764517
0.6246246246246246 0.46403516937603995
0.6286286286286287 0.4626018811661948
0.6326326326326326 0.46117321002451384
0.6366366366366366 0.45974914573014597
0.6406406406406406 0.4583296696707425
0.6446446446446447 0.4569147865128086
0.6486486486486487 0.45550443407317
0.6526526526526526 0.45409861764996245
0.6566566566566566 0.452697319951432
0.6606606606606606 0.4513005247812054
0.6646646646646647 0.44990820819798316
0.6686686686686687 0.4485203607120328
0.6726726726726727 0.44713697221112836
0.6766766766766766 0.4457580150747961
0.6806806806806807 0.44438347601853206
0.6846846846846847 0.44301333806931736
0.6886886886886887 0.44164758494046946
0.6926926926926927 0.44028620255682505
0.6966966966966966 0.43892917051153457
0.7007007007007007 0.43757648683161277
0.7047047047047047 0.43622811178364684
0.7087087087087087 0.4348840411622647
0.7127127127127127 0.4335443275724974
0.7167167167167167 0.4322088198968785
0.7207207207207207 0.43087756621190365
0.7247247247247247 0.4295505586851353
0.7287287287287287 0.42822777157417824
0.7327327327327328 0.4269091957251834
0.7367367367367368 0.4255948140762176
0.7407407407407407 0.4242846102045253
0.7447447447447447 0.4229785770887972
0.7487487487487487 0.4216766899135448
0.7527527527527528 0.42037893730860876
0.7567567567567568 0.4190853034487953
0.7607607607607607 0.4177957745546779
0.7647647647647647 0.4165103363212828
0.7687687687687688 0.41522897245563695
0.7727727727727728 0.4139516698600998
0.7767767767767768 0.4126784126729314
0.7807807807807807 0.41140918692260164
0.7847847847847848 0.410143978926724
0.7887887887887888 0.4088827735787941
0.7927927927927928 0.4076255572844918
0.7967967967967968 0.4063723145483348
0.8008008008008008 0.40512303305812436
0.8048048048048048 0.40387769681508545
0.8088088088088088 0.40263629338931495
0.8128128128128128 0.4013988051225774
0.8168168168168168 0.4001652238200305
0.8208208208208209 0.3989355340560161
0.8248248248248248 0.3977097204994129
0.8288288288288288 0.3964877727950656
0.8328328328328328 0.3952696728332973
0.8368368368368369 0.3940554103644878
0.8408408408408409 0.3928449693574282
0.8448448448448449 0.39163852939432237
0.8488488488488488 0.3904356914960325
0.8528528528528528 0.389236642213528
0.8568568568568569 0.38804135721225336
0.8608608608608609 0.3868498291277314
0.8648648648648649 0.38566204472309895
0.8688688688688688 0.38447799201948935
0.8728728728728729 0.3832976571321708
0.8768768768768769 0.3821210268845785
0.8808808808808809 0.380948089123878
0.8848848848848849 0.37977883135158325
0.8888888888888888 0.3786132395321028
0.8928928928928929 0.3774513030084449
0.8968968968968969 0.3762930073040739
0.9009009009009009 0.3751383406364021
0.9049049049049049 0.37398729097857186
0.908908908908909 0.372839845328812
0.9129129129129129 0.3716959921164898
0.9169169169169169 0.3705557184044025
0.9209209209209209 0.3694190129180472
0.924924924924925 0.36828586754521975
0.928928928928929 0.3671562609185453
0.9329329329329329 0.36603019584200747
0.9369369369369369 0.36490763911765517
0.9409409409409409 0.3637885896672447
0.944944944944945 0.3626730362542622
0.948948948948949 0.361560965970961
0.9529529529529529 0.3604523828668592
0.9569569569569569 0.3593472451841442
0.960960960960961 0.35824555545636777
0.964964964964965 0.3571473023685749
0.968968968968969 0.3560524747273298
0.972972972972973 0.35496106074608486
0.9769769769769769 0.35387304918180734
0.980980980980981 0.3527884285293741
0.984984984984985 0.3517071857564305
0.988988988988989 0.35062931298220484
0.992992992992993 0.3495547970613054
0.996996996996997 0.3484836272907749
1.001001001001001 0.3474157916798156
1.005005005005005 0.34635127918888786
1.009009009009009 0.3452900794426051
1.013013013013013 0.34423217796765093
1.017017017017017 0.3431775837256441
1.021021021021021 0.3421262567245894
1.025025025025025 0.3410781963126856
1.029029029029029 0.34003339355449186
1.033033033033033 0.3389918376689445
1.037037037037037 0.33795351801123147
1.0410410410410411 0.3369184236294579
1.045045045045045 0.33588654425935544
1.049049049049049 0.33485787110115267
1.053053053053053 0.33383238918522795
1.057057057057057 0.33281009036332776
1.0610610610610611 0.33179096398693314
1.065065065065065 0.33077499890702966
1.0690690690690692 0.32976218661363055
1.073073073073073 0.3287525153392025
1.077077077077077 0.3277459755215359
1.0810810810810811 0.32674255613349507
1.085085085085085 0.3257422471744074
1.0890890890890892 0.3247450385607911
1.093093093093093 0.3237509201106186
1.097097097097097 0.32275988166455
1.1011011011011012 0.32177191321666265
1.105105105105105 0.3207870047334626
1.1091091091091092 0.31980514620041495
1.1131131131131131 0.3188287615045708
1.117117117117117 0.3178529369283766
1.1211211211211212 0.31688012972575086
1.125125125125125 0.31591033685625536
1.1291291291291292 0.3149435450802394
1.1331331331331331 0.313979745443755
1.137137137137137 0.3130189267415536
1.1411411411411412 0.3120610800893102
1.145145145145145 0.3111061944854073
1.1491491491491492 0.310154262665573
1.1531531531531531 0.30920527581753715
1.157157157157157 0.3082592205423076
1.1611611611611612 0.30731608962744533
1.165165165165165 0.3063758732517456
1.1691691691691692 0.3054385621974717
1.1731731731731732 0.30450414664281766
1.177177177177177 0.3035726177938586
1.1811811811811812 0.3026439661171619
1.1851851851851851 0.30171818224809016
1.1891891891891893 0.30079525707491517
1.1931931931931932 0.29987518141476877
1.1971971971971973 0.2989579458992025
1.2012012012012012 0.2980435415280317
1.2052052052052051 0.2971319591261152
1.2092092092092093 0.29622318936387965
1.2132132132132132 0.2953172238490267
1.2172172172172173 0.2944140534759529
1.2212212212212212 0.29351366878330865
1.2252252252252251 0.2926160610868244
1.2292292292292293 0.2917212215325283
1.2332332332332332 0.2908291412287498
1.2372372372372373 0.28993981521761253
1.2412412412412412 0.2890532268047821
1.2452452452452452 0.2881693712454627
1.2492492492492493 0.2872882401880489
1.2532532532532532 0.2864098241832033
1.2572572572572573 0.28553411483088065
1.2612612612612613 0.2846611035677737
1.2652652652652652 0.2837907819167512
1.2692692692692693 0.28292314103080346
1.2732732732732732 0.2820581725072153
1.2772772772772774 0.2811958677980319
1.2812812812812813 0.28033621848412227
1.2852852852852852 0.27947921641071044
1.2892892892892893 0.27862485255688024
1.2932932932932932 0.2777731187997188
1.2972972972972974 0.27692400671104866
1.3013013013013013 0.2760775080479237
1.3053053053053052 0.27523361455329487
1.3093093093093093 0.27439231784857177
1.3133133133133132 0.2735536098156132
1.3173173173173174 0.27271748214143665
1.3213213213213213 0.2718839267525577
1.3253253253253254 0.271052935367787
1.3293293293293293 0.27022449991443565
1.3333333333333333 0.26939861232789436
1.3373373373373374 0.26857526456497116
1.3413413413413413 0.2677544485689915
1.3453453453453454 0.26693615629056705
1.3493493493493494 0.2661203797984602
1.3533533533533533 0.26530711121042055
1.3573573573573574 0.2644963424539253
1.3613613613613613 0.2636880656939556
1.3653653653653655 0.26288227310252144
1.3693693693693694 0.2620789567859427
1.3733733733733733 0.26127810897199494
1.3773773773773774 0.2604797219027063
1.3813813813813813 0.259683787815167
1.3853853853853855 0.2588902989846582
1.3893893893893894 0.25809924781571125
1.3933933933933933 0.2573106263608841
1.3973973973973974 0.25652442712207124
1.4014014014014013 0.25574064276160796
1.4054054054054055 0.254959265120637
1.4094094094094094 0.2541802869319657
1.4134134134134133 0.2534037006717102
1.4174174174174174 0.25262949875519614
1.4214214214214214 0.2518576737324809
1.4254254254254255 0.25108821814474835
1.4294294294294294 0.2503211245829219
1.4334334334334333 0.24955638556416723
1.4374374374374375 0.2487939937609994
1.4414414414414414 0.24803394177205496
1.4454454454454455 0.24727622234381558
1.4494494494494494 0.2465208280547545
1.4534534534534536 0.2457677532703497
1.4574574574574575 0.24501698753742246
1.4614614614614614 0.24426852519012898
1.4654654654654655 0.243522359047205
1.4694694694694694 0.24277848192447216
1.4734734734734736 0.2420368866484828
1.4774774774774775 0.24129756611397454
1.4814814814814814 0.2405605131622453
1.4854854854854855 0.23982572072007224
1.4894894894894894 0.23909318168373128
1.4934934934934936 0.23836288912295395
1.4974974974974975 0.23763483596882773
1.5015015015015014 0.23690901520653299
1.5055055055055055 0.23618541988731293
1.5095095095095095 0.23546404306342195
1.5135135135135136 0.23474487780269732
1.5175175175175175 0.23402791721146568
1.5215215215215214 0.23331315441671954
1.5255255255255256 0.2326005825635765
1.5295295295295295 0.23189019496773697
1.5335335335335336 0.23118198453513422
1.5375375375375375 0.23047594460335313
1.5415415415415414 0.2297720684533893
1.5455455455455456 0.22907034933519682
1.5495495495495495 0.2283707805147831
1.5535535535535536 0.22767335530903607
1.5575575575575575 0.22697806703726062
1.5615615615615615 0.2262849091894315
1.5655655655655656 0.2255938748717707
1.5695695695695695 0.22490495762175472
1.5735735735735736 0.22421815085401056
1.5775775775775776 0.22353344800179928
1.5815815815815817 0.22285084253127585
1.5855855855855856 0.22217032792798636
1.5895895895895895 0.22149189767587035
1.5935935935935936 0.22081554532488598
1.5975975975975976 0.22014126441068646
1.6016016016016017 0.2194690484973813
1.6056056056056056 0.21879889117598844
1.6096096096096095 0.21813078606449235
1.6136136136136137 0.2174647267946217
1.6176176176176176 0.21680070698400117
1.6216216216216217 0.21613872036765397
1.6256256256256256 0.21547876064527585
1.6296296296296295 0.21482082188532242
1.6336336336336337 0.21416489698205068
1.6376376376376376 0.213510980166737
1.6416416416416417 0.21285906518915695
1.6456456456456456 0.21220914585697317
1.6496496496496496 0.2115612159739956
1.6536536536536537 0.21091526940829192
1.6576576576576576 0.21027129997146074
1.6616616616616617 0.20962930156084675
1.6656656656656657 0.20898926808203677
1.6696696696696696 0.20835119343534778
1.6736736736736737 0.20771507157731445
1.6776776776776776 0.20708089656567713
1.6816816816816818 0.20644866216301644
1.6856856856856857 0.2058183625109717
1.6896896896896898 0.20518999155998244
1.6936936936936937 0.20456354335620947
1.6976976976976976 0.20393901196809
1.7017017017017018 0.20331639166459017
1.7057057057057057 0.20269567614800216
1.7097097097097098 0.20207685972459843
1.7137137137137137 0.20145993653189057
1.7177177177177176 0.20084490071562577
1.7217217217217218 0.20023174645327124
1.7257257257257257 0.19962046791530544
1.7297297297297298 0.1990110593268765
1.7337337337337337 0.1984035148975849
1.7377377377377377 0.19779782887637334
1.7417417417417418 0.19719399552605354
1.7457457457457457 0.1965920091298362
1.7497497497497498 0.1959918640167419
1.7537537537537538 0.19539355444379422
1.7577577577577577 0.1947970747806838
1.7617617617617618 0.19420241937797508
1.7657657657657657 0.19360958260630692
1.7697697697697699 0.19301855885397237
1.7737737737737738 0.19242934253890281
1.7777777777777777 0.19184192808209763
1.7817817817817818 0.19125630992381712
1.7857857857857857 0.1906724825312364
1.7897897897897899 0.1900904403808752
1.7937937937937938 0.18951017797877318
1.7977977977977977 0.18893168982239936
1.8018018018018018 0.1883549704575771
1.8058058058058057 0.187780014423181
1.8098098098098099 0.18720681629689723
1.8138138138138138 0.18663537065896196
1.817817817817818 0.18606567211252578
1.8218218218218218 0.18549771527637887
1.8258258258258258 0.18493149477911303
1.82982982982983 0.18436700528498573
1.8338338338338338 0.1838042414601955
1.837837837837838 0.18324319799283031
1.8418418418418419 0.18268386958300345
1.8458458458458458 0.18212625095022703
1.84984984984985 0.18157033684382112
1.8538538538538538 0.18101612201075437
1.857857857857858 0.18046360121889557
1.8618618618618619 0.17991276925770033
1.8658658658658658 0.17936362093577266
1.86986986986987 0.178816151071914
1.8738738738738738 0.17827035450310183
1.877877877877878 0.17772622607903502
1.8818818818818819 0.17718376067289654
1.8858858858858858 0.17664295316827572
1.88988988988989 0.17610379846932253
1.8938938938938938 0.175566291499714
1.897897897897898 0.17503042717691833
1.901901901901902 0.17449620044288916
1.9059059059059058 0.1739636063079376
1.90990990990991 0.17343263972793982
1.9139139139139139 0.1729032957042126
1.917917917917918 0.1723755694704014
1.921921921921922 0.17184945560290235
1.9259259259259258 0.17132494937632162
1.92992992992993 0.17080204585400338
1.9339339339339339 0.17028074010765878
1.937937937937938 0.16976102723673253
1.941941941941942 0.16924290234377126
1.945945945945946 0.16872636054988752
1.94994994994995 0.1682113969936527
1.9539539539539539 0.1676980068294982
1.957957957957958 0.16718618522538273
1.961961961961962 0.16667592744440213
1.965965965965966 0.16616722852655433
1.96996996996997 0.1656600837627007
1.973973973973974 0.16515448839002683
1.977977977977978 0.16465043764393839
1.981981981981982 0.16414792678770587
1.985985985985986 0.16364695109241845
1.98998998998999 0.16314750584823948
1.993993993993994 0.16264958636053006
1.997997997997998 0.1621531879432482
2.002002002002002 0.1616583059347098
2.006006006006006 0.16116493567141074
2.01001001001001 0.16067307252979998
2.014014014014014 0.1601827118779321
2.018018018018018 0.15969384910411064
2.022022022022022 0.15920647961370074
2.026026026026026 0.15872059882922734
2.03003003003003 0.1582362021854262
2.034034034034034 0.15775328513947592
2.038038038038038 0.15727184314888445
2.042042042042042 0.15679187167016653
2.046046046046046 0.15631336621001718
2.05005005005005 0.15583632227106914
2.054054054054054 0.15536073537428105
2.058058058058058 0.15488660106458077
2.062062062062062 0.15441391486325326
2.066066066066066 0.1539426723440075
2.07007007007007 0.15347286908071014
2.074074074074074 0.15300450066234328
2.078078078078078 0.15253756268900975
2.0820820820820822 0.1520720507793593
2.086086086086086 0.15160796056216008
2.09009009009009 0.1511452876801232
2.094094094094094 0.15068402778834006
2.098098098098098 0.15022417655514003
2.1021021021021022 0.14976572967064591
2.106106106106106 0.14930868282967955
2.11011011011011 0.14885303174211448
2.114114114114114 0.14839877213095168
2.118118118118118 0.14794589973292768
2.1221221221221223 0.1474944103009138
2.126126126126126 0.14704429959600815
2.13013013013013 0.1465955633952483
2.134134134134134 0.14614819748803598
2.1381381381381384 0.145702197675626
2.1421421421421423 0.14525755977870133
2.146146146146146 0.1448142796234848
2.15015015015015 0.14437235305467036
2.154154154154154 0.14393177592168296
2.1581581581581584 0.1434925440965961
2.1621621621621623 0.14305465345712523
2.166166166166166 0.14261809992155267
2.17017017017017 0.14218287934815407
2.174174174174174 0.14174898767948763
2.1781781781781784 0.14131642084670246
2.1821821821821823 0.14088517479323745
2.186186186186186 0.14045524547755864
2.19019019019019 0.14002662886934986
2.194194194194194 0.1395993209466431
2.1981981981981984 0.13917331770728664
2.2022022022022023 0.13874861515347342
2.206206206206206 0.13832520930745199
2.21021021021021 0.1379030961978754
2.214214214214214 0.13748227186967463
2.2182182182182184 0.13706273237882874
2.2222222222222223 0.13664447379204223
2.2262262262262262 0.1362274921899162
2.23023023023023 0.13581178367515762
2.234234234234234 0.13539734433030262
2.2382382382382384 0.1349841702833799
2.2422422422422423 0.13457225766217865
2.2462462462462462 0.1341616026067902
2.25025025025025 0.1337522012696625
2.254254254254254 0.13334404981480838
2.2582582582582584 0.13293717842371622
2.2622622622622623 0.13253151478447153
2.2662662662662663 0.1321270895986636
2.27027027027027 0.13172389907664667
2.274274274274274 0.13132193944117454
2.2782782782782784 0.1309212069290872
2.2822822822822824 0.13052169778334294
2.2862862862862863 0.13012340826219707
2.29029029029029 0.12972633463594205
2.294294294294294 0.12933047318516486
2.2982982982982985 0.12893582020983727
2.3023023023023024 0.1285423719985448
2.3063063063063063 0.12815012487322122
2.31031031031031 0.12775907516219492
2.314314314314314 0.1273692192027006
2.3183183183183185 0.12698055334401254
2.3223223223223224 0.1265930739460421
2.3263263263263263 0.12620677738049926
2.33033033033033 0.12582166003114753
2.334334334334334 0.125437718291857
2.3383383383383385 0.12505494856583052
2.3423423423423424 0.12467334727104268
2.3463463463463463 0.12429291083445977
2.3503503503503502 0.12391363569443671
2.354354354354354 0.12353552031703434
2.3583583583583585 0.12315855709921374
2.3623623623623624 0.12278274455895148
2.3663663663663663 0.12240807917802214
2.3703703703703702 0.12203455745252535
2.374374374374374 0.12166217587976597
2.3783783783783785 0.12129093097766065
2.3823823823823824 0.12092081927013672
2.3863863863863863 0.1205518372934899
2.3903903903903903 0.12018398159426678
2.3943943943943946 0.11981724873039275
2.3983983983983985 0.11945163526823901
2.4024024024024024 0.11908713778658353
2.4064064064064064 0.11872375287534626
2.4104104104104103 0.11836147713199356
2.4144144144144146 0.11800030716701185
2.4184184184184185 0.11764023960151605
2.4224224224224224 0.11728127106500126
2.4264264264264264 0.11692339942162563
2.4304304304304303 0.11656661885788253
2.4344344344344346 0.1162109272770369
2.4384384384384385 0.1158563213509201
2.4424424424424425 0.11550279776223787
2.4464464464464464 0.11515035320264624
2.4504504504504503 0.11479898437456434
2.4544544544544546 0.11444868799116152
2.4584584584584586 0.11409946077479598
2.4624624624624625 0.11375129945845341
2.4664664664664664 0.11340420078444602
2.4704704704704703 0.11305816150587576
2.4744744744744747 0.11271317838580922
2.4784784784784786 0.11236924819593212
2.4824824824824825 0.11202636771899607
2.4864864864864864 0.11168453374849437
2.4904904904904903 0.11134374308773752
2.4944944944944947 0.11100399254613455
2.4984984984984986 0.11066527894729918
2.5025025025025025 0.1103275991226217
2.5065065065065064 0.10999095005617564
2.5105105105105103 0.1096553283121277
2.5145145145145147 0.1093207308959378
2.5185185185185186 0.10898715467800335
2.5225225225225225 0.10865459653854244
2.5265265265265264 0.10832305336675876
2.5305305305305303 0.10799252206460301
2.5345345345345347 0.1076629995363726
2.5385385385385386 0.10733448270257
2.5425425425425425 0.10700696849035128
2.5465465465465464 0.10668045383574247
2.5505505505505504 0.10635493568803382
2.5545545545545547 0.10603041193155016
2.5585585585585586 0.10570687765842321
2.5625625625625625 0.10538433078686467
2.5665665665665665 0.10506276830054731
2.5705705705705704 0.10474218719232278
2.5745745745745747 0.10442258446457324
2.5785785785785786 0.10410395712866127
2.5825825825825826 0.103786302213785
2.5865865865865865 0.10346961673293048
2.5905905905905904 0.10315389773302612
2.5945945945945947 0.10283914226238684
2.5985985985985987 0.1025253473779446
2.6026026026026026 0.10221251014582487
2.6066066066066065 0.10190062764098731
2.6106106106106104 0.10158969694758051
2.6146146146146148 0.10127971515835803
2.6186186186186187 0.10097067937434473
2.6226226226226226 0.10066258670791867
2.6266266266266265 0.10035543427826708
2.630630630630631 0.10004921921345755
2.6346346346346348 0.09974393865101461
2.6386386386386387 0.0994395897364228
2.6426426426426426 0.09913616962465285
2.6466466466466465 0.09883367547908388
2.650650650650651 0.09853210447248054
2.6546546546546548 0.09823145378491602
2.6586586586586587 0.09793172060609799
2.6626626626626626 0.09763290213410919
2.6666666666666665 0.09733499557561777
2.670670670670671 0.09703799814560929
2.674674674674675 0.09674190706833609
2.6786786786786787 0.09644671957580314
2.6826826826826826 0.09615243290864281
2.6866866866866865 0.09585904431731843
2.690690690690691 0.09556655105696632
2.694694694694695 0.09527495039485069
2.6986986986986987 0.09498423960553523
2.7027027027027026 0.09469441597144376
2.7067067067067065 0.09440547683398676
2.710710710710711 0.09411741939134977
2.714714714714715 0.0938302410019861
2.7187187187187187 0.09354393898161413
2.7227227227227226 0.09325851065452614
2.7267267267267266 0.09297395335400371
2.730730730730731 0.09269026441847882
2.734734734734735 0.09240744119746588
2.7387387387387387 0.09212548104696776
2.7427427427427427 0.0918443813334726
2.7467467467467466 0.09156413942844349
2.750750750750751 0.0912847527133311
2.754754754754755 0.09100621857699796
2.7587587587587588 0.09072853441603006
2.7627627627627627 0.09045169763563742
2.7667667667667666 0.09017570564837385
2.770770770770771 0.08990055587522482
2.774774774774775 0.08962624574465405
2.7787787787787788 0.08935277269434087
2.7827827827827827 0.08908013416629773
2.7867867867867866 0.08880832761386871
2.790790790790791 0.08853735049702612
2.794794794794795 0.08826720028342544
2.798798798798799 0.08799787444848167
2.8028028028028027 0.0877293704767071
2.8068068068068066 0.08746168585669367
2.810810810810811 0.08719481808801648
2.814814814814815 0.08692876467707643
2.818818818818819 0.08666352313761574
2.8228228228228227 0.08639909099122213
2.8268268268268266 0.08613546576683234
2.830830830830831 0.08587264500108338
2.834834834834835 0.08561062623795988
2.838838838838839 0.08534940702936959
2.8428428428428427 0.08508898493441559
2.8468468468468466 0.08482935751936078
2.850850850850851 0.08457052235879045
2.854854854854855 0.08431247703405607
2.858858858858859 0.08405521913376175
2.8628628628628627 0.08379874625425096
2.8668668668668666 0.08354305599816768
2.870870870870871 0.083288145978318
2.874874874874875 0.0830340138121902
2.878878878878879 0.08278065712500414
2.8828828828828827 0.08252807354956716
2.886886886886887 0.08227626072603658
2.890890890890891 0.08202521630158538
2.894894894894895 0.08177493793059831
2.898898898898899 0.08152542327469697
2.9029029029029028 0.08127667000261062
2.906906906906907 0.08102867578998645
2.910910910910911 0.08078143832029265
2.914914914914915 0.08053495528323508
2.918918918918919 0.08028922437607358
2.9229229229229228 0.08004424330382108
2.926926926926927 0.07980000977589838
2.930930930930931 0.07955652151094103
2.934934934934935 0.07931377623485747
2.938938938938939 0.07907177167912403
2.942942942942943 0.07883050558333315
2.946946946946947 0.07858997569322164
2.950950950950951 0.07835017976146258
2.954954954954955 0.07811111554791503
2.958958958958959 0.07787278081909617
2.962962962962963 0.07763517334844272
2.966966966966967 0.07739829091605772
2.970970970970971 0.07716213130900175
2.974974974974975 0.07692669232090407
2.978978978978979 0.07669197175205866
2.982982982982983 0.07645796741022999
2.986986986986987 0.07622467710901105
2.990990990990991 0.07599209866900883
2.994994994994995 0.07576022991745433
2.998998998998999 0.07552906868827106
3.003003003003003 0.07529861282193447
3.007007007007007 0.075068860165504
3.011011011011011 0.0748398085727684
3.015015015015015 0.07461145590392082
3.019019019019019 0.07438380002585877
3.023023023023023 0.07415683881168278
3.027027027027027 0.07393057014129562
3.031031031031031 0.07370499190095804
3.035035035035035 0.07348010198346425
3.039039039039039 0.07325589828775675
3.043043043043043 0.07303237871981243
3.047047047047047 0.07280954119139843
3.051051051051051 0.07258738362090474
3.055055055055055 0.07236590393308505
3.059059059059059 0.07214510005898454
3.063063063063063 0.0719249699360291
3.067067067067067 0.07170551150794491
3.071071071071071 0.07148672272466063
3.075075075075075 0.07126860154245009
3.079079079079079 0.07105114592380317
3.083083083083083 0.07083435383737303
3.0870870870870872 0.07061822325813727
3.091091091091091 0.07040275216718946
3.095095095095095 0.0701879385517983
3.099099099099099 0.0699737804053626
3.103103103103103 0.06976027572750985
3.1071071071071072 0.06954742252379813
3.111111111111111 0.06933521880596533
3.115115115115115 0.06912366259194375
3.119119119119119 0.06891275190560875
3.123123123123123 0.06870248477680899
3.1271271271271273 0.06849285924151287
3.131131131131131 0.0682838733415952
3.135135135135135 0.06807552512523977
3.139139139139139 0.06786781264588224
3.1431431431431434 0.06766073396370652
3.1471471471471473 0.06745428714421815
3.151151151151151 0.06724847025922212
3.155155155155155 0.06704328138616136
3.159159159159159 0.06683871860850833
3.1631631631631634 0.06663478001550695
3.1671671671671673 0.06643146370230846
3.171171171171171 0.06622876776985911
3.175175175175175 0.0660266903247925
3.179179179179179 0.06582522947967943
3.1831831831831834 0.06562438335276377
3.1871871871871873 0.06542415006810337
3.191191191191191 0.0652245277553166
3.195195195195195 0.06502551455004202
3.199199199199199 0.06482710859331921
3.2032032032032034 0.06462930803208095
3.2072072072072073 0.06443211101872716
3.2112112112112112 0.06423551571138524
3.215215215215215 0.06403952027385346
3.219219219219219 0.06384412287546855
3.2232232232232234 0.0636493216911946
3.2272272272272273 0.06345511490154465
3.2312312312312312 0.0632615006926213
3.235235235235235 0.06306847725601479
3.239239239239239 0.06287604278891462
3.2432432432432434 0.06268419549394692
3.2472472472472473 0.06249293357920922
3.2512512512512513 0.062302255258351195
3.255255255255255 0.06211215875050485
3.259259259259259 0.06192264228008058
3.2632632632632634 0.06173370407699509
3.2672672672672673 0.061545342376621896
3.2712712712712713 0.06135755541967592
3.275275275275275 0.06117034145221359
3.279279279279279 0.06098369872569826
3.2832832832832834 0.06079762549688417
3.2872872872872874 0.0606121200279187
3.2912912912912913 0.06042718058619347
3.295295295295295 0.06024280544440671
3.299299299299299 0.06005899288055848
3.3033033033033035 0.059875741177857975
3.3073073073073074 0.05969304862478877
3.3113113113113113 0.05951091351502612
3.315315315315315 0.059329334147508385
3.319319319319319 0.05914830882633637
3.3233233233233235 0.05896783586077337
3.3273273273273274 0.05878791356528372
3.3313313313313313 0.058608540259443405
3.335335335335335 0.05842971426827984
3.339339339339339 0.05825143392104284
3.3433433433433435 0.058073697552955744
3.3473473473473474 0.05789650350402324
3.3513513513513513 0.057719850119335926
3.3553553553553552 0.057543735749030066
3.359359359359359 0.05736815874826368
3.3633633633633635 0.05719311747727543
3.3673673673673674 0.057018610301243305
3.3713713713713713 0.05684463559039763
3.3753753753753752 0.05667119171981222
3.3793793793793796 0.056498277069682676
3.3833833833833835 0.05632589002500178
3.3873873873873874 0.05615402897587878
3.3913913913913913 0.055982692317163685
3.3953953953953953 0.05581187844874829
3.3993993993993996 0.05564158577534175
3.4034034034034035 0.05547181270644
3.4074074074074074 0.05530255765651396
3.4114114114114114 0.05513381904480488
3.4154154154154153 0.054965595295476045
3.4194194194194196 0.054797884837343734
3.4234234234234235 0.05463068610413258
3.4274274274274275 0.054463997534339226
3.4314314314314314 0.05429781757119428
3.4354354354354353 0.05413214466269134
3.4394394394394396 0.05396697726161341
3.4434434434434436 0.0538023138256954
3.4474474474474475 0.05363815281650881
3.4514514514514514 0.053474492701257384
3.4554554554554553 0.05331133195141614
3.4594594594594597 0.05314866904323575
3.4634634634634636 0.052986502457573824
3.4674674674674675 0.052824830679917355
3.4714714714714714 0.05266365220039694
3.4754754754754753 0.052502965513734
3.4794794794794797 0.052342769119272436
3.4834834834834836 0.052183061520882555
3.4874874874874875 0.05202384122708441
3.4914914914914914 0.051865106750969454
3.4954954954954953 0.05170685660989685
3.4994994994994997 0.051549089326091355
3.5035035035035036 0.05139180342612682
3.5075075075075075 0.05123499744106285
3.5115115115115114 0.05107866990656296
3.5155155155155153 0.05092281936264818
3.5195195195195197 0.05076744435379935
3.5235235235235236 0.05061254342898637
3.5275275275275275 0.05045811514158565
3.5315315315315314 0.050304158049360816
3.5355355355355353 0.05015067071456146
3.5395395395395397 0.04999765170372608
3.5435435435435436 0.04984509958782753
3.5475475475475475 0.04969301294219502
3.5515515515515514 0.04954139036349975
3.5555555555555554 0.04939023040147992
3.5595595595595597 0.04923953166170006
3.5635635635635636 0.049089292736835474
3.5675675675675675 0.04893951222379165
3.5715715715715715 0.048790188723818566
3.5755755755755754 0.04864132084235238
3.5795795795795797 0.04849290718915445
3.5835835835835836 0.048344946378181396
3.5875875875875876 0.04819743702768092
3.5915915915915915 0.048050377760050555
3.5955955955955954 0.04790376720194173
3.5995995995995997 0.04775760398417591
3.6036036036036037 0.047611886741763254
3.6076076076076076 0.047466614113849934
3.6116116116116115 0.04732178474374576
3.6156156156156154 0.04717739727897544
3.6196196196196198 0.047033450371097574
3.6236236236236237 0.046889942673986065
3.6276276276276276 0.04674687285114748
3.6316316316316315 0.046604239564627406
3.635635635635636 0.04646204148238794
3.6396396396396398 0.04632027727647997
3.6436436436436437 0.046178945622984226
3.6476476476476476 0.04603804520207957
3.6516516516516515 0.045897574697880625
3.655655655655656 0.04575753279858699
3.65965965965966 0.04561791819639108
3.6636636636636637 0.04547872958747449
3.6676676676676676 0.04533996567201749
3.6716716716716715 0.04520162515405175
3.675675675675676 0.04506370674170815
3.67967967967968 0.044926209146997555
3.6836836836836837 0.044789131085888306
3.6876876876876876 0.044652471278216095
3.6916916916916915 0.04451622844778784
3.695695695695696 0.044380401322265506
3.6996996996997 0.04424498863316853
3.7037037037037037 0.04410998911600529
3.7077077077077076 0.04397540150996699
3.7117117117117115 0.04384122455822234
3.715715715715716 0.04370745700774352
3.71971971971972 0.04357409760930517
3.7237237237237237 0.04344114511754193
3.7277277277277276 0.043308598290818894
3.7317317317317316 0.04317645589133033
3.735735735735736 0.04304471668508551
3.73973973973974 0.04291337944194978
3.7437437437437437 0.042782442935102104
3.7477477477477477 0.042651905941934326
3.7517517517517516 0.04252176724342327
3.755755755755756 0.04239202562422861
3.75975975975976 0.042262679872766315
3.7637637637637638 0.04213372878111491
3.7677677677677677 0.042005171145070616
3.7717717717717716 0.04187700576407419
3.775775775775776 0.0417492314412348
3.77977977977978 0.04162184698333566
3.7837837837837838 0.04149485120080516
3.7877877877877877 0.04136824290763827
3.7917917917917916 0.04124202092152424
3.795795795795796 0.04111618406376394
3.7997997997998 0.040990731159135894
3.803803803803804 0.04086566103613619
3.8078078078078077 0.04074097252678977
3.8118118118118116 0.04061666446672912
3.815815815815816 0.04049273569503464
3.81981981981982 0.04036918505440944
3.823823823823824 0.04024601139109185
3.8278278278278277 0.040123213554823116
3.8318318318318316 0.04000079039882569
3.835835835835836 0.03987874077984774
3.83983983983984 0.03975706355817303
3.843843843843844 0.03963575759747175
3.8478478478478477 0.03951482176494084
3.8518518518518516 0.039394254931226544
3.855855855855856 0.03927405597042172
3.85985985985986 0.039154223760033455
3.863863863863864 0.03903475718102271
3.8678678678678677 0.038915655117738285
3.8718718718718717 0.038796916457934774
3.875875875875876 0.03867854009280992
3.87987987987988 0.0385605249168913
3.883883883883884 0.038442869828093335
3.8878878878878878 0.03832557372770839
3.891891891891892 0.03820863552036265
3.895895895895896 0.03809205411403561
3.8998998998999 0.03797582842003672
3.903903903903904 0.03785995735299165
3.9079079079079078 0.03774443983084199
3.911911911911912 0.037629274774683676
3.915915915915916 0.03751446110937038
3.91991991991992 0.03739999776255528
3.923923923923924 0.037285883665337256
3.9279279279279278 0.03717211775206082
3.931931931931932 0.03705869896033216
3.935935935935936 0.03694562623168492
3.93993993993994 0.036832898508813355
3.943943943943944 0.03672051473971207
3.947947947947948 0.03660847387490662
3.951951951951952 0.03649677486812542
3.955955955955956 0.03638541667622985
3.95995995995996 0.0362743982593184
3.963963963963964 0.036163718580687926
3.967967967967968 0.03605337660675462
3.971971971971972 0.035943371307098536
3.975975975975976 0.03583370165445622
3.97997997997998 0.035724366624683555
3.983983983983984 0.03561536519673733
3.987987987987988 0.03550669635274772
3.991991991991992 0.03539835907791917
3.995995995995996 0.0352903523605439
4.0 0.03518267519202729
