0.0 0.7596656928144053
0.004004004004004004 0.7571813848487874
0.008008008008008008 0.7547070530250918
0.012012012012012012 0.7522426654012877
0.016016016016016016 0.7497896684550419
0.02002002002002002 0.7473444147782584
0.024024024024024024 0.7449088900480586
0.028028028028028028 0.7424830857256128
0.03203203203203203 0.7400668229592462
0.036036036036036036 0.7376600997783012
0.04004004004004004 0.7352628730011174
0.044044044044044044 0.7328750789855221
0.04804804804804805 0.7304966294047084
0.05205205205205205 0.7281274786356592
0.056056056056056056 0.725769115664302
0.06006006006006006 0.72341827932989
0.06406406406406406 0.7210765796454149
0.06806806806806807 0.7187439628436232
0.07207207207207207 0.7164203739916317
0.07607607607607608 0.7141056683422025
0.08008008008008008 0.7117999964197458
0.08408408408408409 0.7095031418626008
0.08808808808808809 0.7072150966761712
0.0920920920920921 0.70494684258331
0.0960960960960961 0.70267562605832
0.1001001001001001 0.7004130520916805
0.1041041041041041 0.6981571861515433
0.10810810810810811 0.6959118818623882
0.11211211211211211 0.6936752256621299
0.11611611611611612 0.6914469274131483
0.12012012012012012 0.6892269907417888
0.12412412412412413 0.6870154119137577
0.12812812812812813 0.6848121590474353
0.13213213213213212 0.6826172202647915
0.13613613613613615 0.6804304145424619
0.14014014014014015 0.6782517856318195
0.14414414414414414 0.676088252128616
0.14814814814814814 0.6739255847733241
0.15215215215215216 0.6717709254471601
0.15615615615615616 0.6696242480850181
0.16016016016016016 0.6674855219883298
0.16416416416416416 0.6653546916646872
0.16816816816816818 0.6632321114115773
0.17217217217217218 0.6611169444366157
0.17617617617617617 0.6590095458676326
0.18018018018018017 0.656909865112246
0.1841841841841842 0.6548178887965329
0.1881881881881882 0.6527341709216995
0.1921921921921922 0.6506579997326679
0.1961961961961962 0.6485887800479043
0.2002002002002002 0.6465270798343231
0.2042042042042042 0.644472857037246
0.2082082082082082 0.642426083459029
0.2122122122122122 0.6403867047674328
0.21621621621621623 0.6383548553562588
0.22022022022022023 0.6363301581004472
0.22422422422422422 0.6343127418474553
0.22822822822822822 0.632302602568589
0.23223223223223224 0.6302996386935313
0.23623623623623624 0.6283038479141265
0.24024024024024024 0.626315189978952
0.24424424424424424 0.624333631319531
0.24824824824824826 0.6223591679499003
0.25225225225225223 0.6203916640225138
0.25625625625625625 0.6184311748944972
0.2602602602602603 0.6164776398975205
0.26426426426426425 0.6145310879728091
0.2682682682682683 0.612591384951802
0.2722722722722723 0.6106584974230178
0.27627627627627627 0.6087324085536504
0.2802802802802803 0.6068131077204113
0.28428428428428426 0.6049005573749245
0.2882882882882883 0.6029947181508664
0.2922922922922923 0.6010955698293926
0.2962962962962963 0.5992030547396612
0.3003003003003003 0.5973171820104138
0.30430430430430433 0.5954376292951888
0.3083083083083083 0.5935648644980686
0.3123123123123123 0.591698631531788
0.3163163163163163 0.5898388759301713
0.3203203203203203 0.5879856398053225
0.32432432432432434 0.586138762811917
0.3283283283283283 0.5842982694545488
0.33233233233233234 0.5824641592669173
0.33633633633633636 0.5806363758996951
0.34034034034034033 0.5788148962127186
0.34434434434434436 0.5770286193929568
0.3483483483483483 0.5752190070283963
0.35235235235235235 0.5734156520441952
0.3563563563563564 0.5716184885801928
0.36036036036036034 0.569827494493764
0.36436436436436437 0.568042636495713
0.3683683683683684 0.5662638918337553
0.37237237237237236 0.564491226979706
0.3763763763763764 0.5627246148801007
0.38038038038038036 0.5609640273962149
0.3843843843843844 0.5592094478396599
0.3883883883883884 0.557460826658979
0.3923923923923924 0.555718152866641
0.3963963963963964 0.5539813958643683
0.4004004004004004 0.5522505272331436
0.4044044044044044 0.5505298345658493
0.4084084084084084 0.5488105794800751
0.4124124124124124 0.547097150737718
0.4164164164164164 0.545389499783037
0.42042042042042044 0.5436876103733115
0.4244244244244244 0.5419914545367182
0.42842842842842843 0.5403010217834813
0.43243243243243246 0.5386162678408508
0.4364364364364364 0.5369371756108998
0.44044044044044045 0.5352637161704025
0.4444444444444444 0.5335959706086337
0.44844844844844844 0.5319337060201571
0.45245245245245247 0.5302770659185926
0.45645645645645644 0.5286258879902845
0.46046046046046046 0.5269802379651773
0.4644644644644645 0.5253400696295827
0.46846846846846846 0.5237053768095241
0.4724724724724725 0.5220761266532968
0.47647647647647645 0.5204522980573104
0.4804804804804805 0.5188338690111268
0.4844844844844845 0.5172208151007277
0.48848848848848847 0.515613126285297
0.4924924924924925 0.5140107533386663
0.4964964964964965 0.5124136907720914
0.5005005005005005 0.5108219177576893
0.5045045045045045 0.509235401525783
0.5085085085085085 0.5076541283998486
0.5125125125125125 0.506078231299578
0.5165165165165165 0.5045073714729896
0.5205205205205206 0.5029416910524033
0.5245245245245245 0.5013811615372683
0.5285285285285285 0.499825777659666
0.5325325325325325 0.49827549771528046
0.5365365365365365 0.49673031014158603
0.5405405405405406 0.4951904125026197
0.5445445445445446 0.4936553496163828
0.5485485485485485 0.49212531192795217
0.5525525525525525 0.49060028421685503
0.5565565565565566 0.48908026525899523
0.5605605605605606 0.48756520351935617
0.5645645645645646 0.48605508333134606
0.5685685685685685 0.48454989339053467
0.5725725725725725 0.48304961161665716
0.5765765765765766 0.4815542153968123
0.5805805805805806 0.48006370557511846
0.5845845845845846 0.4785780410275871
0.5885885885885885 0.47709720991435756
0.5925925925925926 0.47562119226450966
0.5965965965965966 0.47414998919940515
0.6006006006006006 0.4726835428281276
0.6046046046046046 0.4712218544298124
0.6086086086086087 0.4697649603150556
0.6126126126126126 0.4683127301266317
0.6166166166166166 0.4668652026582485
0.6206206206206206 0.4654223602909151
0.6246246246246246 0.46398419739406394
0.6286286286286287 0.4625506760690632
0.6326326326326326 0.46112178489878586
0.6366366366366366 0.45969777808209206
0.6406406406406406 0.4582780794747524
0.6446446446446447 0.45686296070608634
0.6486486486486487 0.4554523988716688
0.6526526526526526 0.45404637769283995
0.6566566566566566 0.45264488693026617
0.6606606606606606 0.4512478945932852
0.6646646646646647 0.4498554666576675
0.6686686686686687 0.44846744082698015
0.6726726726726727 0.44708387195263727
0.6766766766766766 0.44570474253473547
0.6806806806806807 0.4443300362360743
0.6846846846846847 0.4429597357472243
0.6886886886886887 0.44159382800112346
0.6926926926926927 0.44023229103581146
0.6966966966966966 0.4388751128060074
0.7007007007007007 0.4375222754056467
0.7047047047047047 0.4362320170245341
0.7087087087087087 0.43488686854406416
0.7127127127127127 0.43354602487599836
0.7167167167167167 0.4322094732583417
0.7207207207207207 0.43087719292672044
0.7247247247247247 0.42954924971697533
0.7287287287287287 0.4282254732721024
0.7327327327327328 0.4269059247037867
0.7367367367367368 0.42559058829188984
0.7407407407407407 0.4242794483227543
0.7447447447447447 0.42297249333741815
0.7487487487487487 0.42166970031864565
0.7527527527527528 0.4203710578879503
0.7567567567567568 0.41907655144031963
0.7607607607607607 0.4177861644757234
0.7647647647647647 0.4164998831703391
0.7687687687687688 0.4152176918643568
0.7727727727727728 0.41393957636264783
0.7767767767767768 0.4126655212340143
0.7807807807807807 0.41139551416147274
0.7847847847847848 0.4101295399531368
0.7887887887887888 0.40886757867898255
0.7927927927927928 0.40760962179369553
0.7967967967967968 0.4063556521054117
0.8008008008008008 0.40510565495228085
0.8048048048048048 0.40385961173594986
0.8088088088088088 0.4026174615357405
0.8128128128128128 0.40137930099428726
0.8168168168168168 0.4001450580692073
0.8208208208208209 0.3989147177014557
0.8248248248248248 0.39768826650251726
0.8288288288288288 0.396465690857507
0.8328328328328328 0.3952469765839871
0.8368368368368369 0.39403211029830043
0.8408408408408409 0.3928210779756957
0.8448448448448449 0.3916138662300079
0.8488488488488488 0.39041046699824283
0.8528528528528528 0.38921085775795633
0.8568568568568569 0.3880150292390564
0.8608608608608609 0.3868229682507739
0.8648648648648649 0.385634673279058
0.8688688688688688 0.3844501073477012
0.8728728728728729 0.38326926945621903
0.8768768768768769 0.38209214664380176
0.8808808808808809 0.3809187259541076
0.8848848848848849 0.3797489947683597
0.8888888888888888 0.37858293988892794
0.8928928928928929 0.3774205484566863
0.8968968968968969 0.3762618078675591
0.9009009009009009 0.37510670584919165
0.9049049049049049 0.3739552497878803
0.908908908908909 0.37280740551787905
0.9129129129129129 0.3716631426117051
0.9169169169169169 0.3705224679664643
0.9209209209209209 0.3693853694145366
0.924924924924925 0.368251834538922
0.928928928928929 0.3671218807627978
0.9329329329329329 0.3659954352058714
0.9369369369369369 0.36487251791099146
0.9409409409409409 0.3637531158405456
0.944944944944945 0.362637216874089
0.948948948948949 0.36152480910543044
0.9529529529529529 0.36041588068345565
0.9569569569569569 0.3593104198516019
0.960960960960961 0.3582084146600499
0.964964964964965 0.3571098535490403
0.968968968968969 0.3560147246994607
0.972972972972973 0.3549230174805185
0.9769769769769769 0.35383471868949523
0.980980980980981 0.35274981743382644
0.984984984984985 0.3516683019635733
0.988988988988989 0.3505901611877119
0.992992992992993 0.3495153837647071
0.996996996996997 0.3484439583181088
1.001001001001001 0.34737587365574546
1.005005005005005 0.3463111185128561
1.009009009009009 0.3452496809740037
1.013013013013013 0.3441915547481359
1.017017017017017 0.34313672126567374
1.021021021021021 0.3420851728876571
1.025025025025025 0.3410368986318276
1.029029029029029 0.33999188754203824
1.033033033033033 0.338950128684011
1.037037037037037 0.33791161547412635
1.0410410410410411 0.33687632860352346
1.045045045045045 0.3358442619458826
1.049049049049049 0.33481681864829177
1.053053053053053 0.3337911385306282
1.057057057057057 0.33276864664342304
1.0610610610610611 0.3317493324989238
1.065065065065065 0.33073318564545134
1.0690690690690692 0.3297201960141577
1.073073073073073 0.3287103540454125
1.077077077077077 0.3277036451690912
1.0810810810810811 0.32670006260865686
1.085085085085085 0.3256995951304661
1.0890890890890892 0.32470223256796704
1.093093093093093 0.32370796493741977
1.097097097097097 0.3227167912060588
1.1011011011011012 0.3217286821283569
1.105105105105105 0.32074363748789114
1.1091091091091092 0.3197616471005461
1.1131131131131131 0.3187827007745764
1.117117117117117 0.31780678866538553
1.1211211211211212 0.3168339008580315
1.125125125125125 0.3158640274479386
1.1291291291291292 0.31489715855524236
1.1331331331331331 0.31393328442619395
1.137137137137137 0.3129723952957061
1.1411411411411412 0.31201448135806314
1.145145145145145 0.3110595329246703
1.1491491491491492 0.31010754054928474
1.1531531531531531 0.3091584941659122
1.157157157157157 0.3082123844241953
1.1611611611611612 0.30726920179045336
1.165165165165165 0.3063289368669119
1.1691691691691692 0.30539157993017163
1.1731731731731732 0.30445712165933453
1.177177177177177 0.3035255526701145
1.1811811811811812 0.3025968636244796
1.1851851851851851 0.30167104516959226
1.1891891891891893 0.30074808798280556
1.1931931931931932 0.299827982823313
1.1971971971971973 0.2989107449765176
1.2012012012012012 0.2979963160275576
1.2052052052052051 0.2970847115935552
1.2092092092092093 0.2961759225010281
1.2132132132132132 0.2952699396937626
1.2172172172172173 0.29436675417836355
1.2212212212212212 0.2934663569009111
1.2252252252252251 0.2925687389327374
1.2292292292292293 0.29167389154225526
1.2332332332332332 0.2907818976891878
1.2372372372372373 0.2898925627055785
1.2412412412412412 0.28900597150624247
1.2452452452452452 0.28812211526041503
1.2492492492492493 0.2872409852704475
1.2532532532532532 0.28636257264122267
1.2572572572572573 0.28548686872823126
1.2612612612612613 0.28461386489584867
1.2652652652652652 0.2837435524824306
1.2692692692692693 0.2828759228888874
1.2732732732732732 0.2820109674304824
1.2772772772772774 0.2811486777168726
1.2812812812812813 0.28028904517723624
1.2852852852852852 0.279432061767372
1.2892892892892893 0.27857771815198085
1.2932932932932932 0.27772600675925413
1.2972972972972974 0.276876918329525
1.3013013013013013 0.27603044503859403
1.3053053053053052 0.2751865784206111
1.3093093093093093 0.27434531026569126
1.3133133133133132 0.27350663227918337
1.3173173173173174 0.27267053622788423
1.3213213213213213 0.27183701390589465
1.3253253253253254 0.27100605723570775
1.3293293293293293 0.27017765831895824
1.3333333333333333 0.26935180821233284
1.3373373373373374 0.2685284993150418
1.3413413413413413 0.2677077388070426
1.3453453453453454 0.26688948793708916
1.3493493493493494 0.26607375414738066
1.3533533533533533 0.2652605295326452
1.3573573573573574 0.26444980607242075
1.3613613613613613 0.2636415759613304
1.3653653653653655 0.2628358311373725
1.3693693693693694 0.2620325638375094
1.3733733733733733 0.2612317662158488
1.3773773773773774 0.2604334304722075
1.3813813813813813 0.2596375488404496
1.3853853853853855 0.25884411359356946
1.3893893893893894 0.25805311695309974
1.3933933933933933 0.25726455122747627
1.3973973973973974 0.2564784087813889
1.4014014014014013 0.2556946819653381
1.4054054054054055 0.25491336317581414
1.4094094094094094 0.25413444478876634
1.4134134134134133 0.2533579192655603
1.4174174174174174 0.25258377911229524
1.4214214214214214 0.25181201682258475
1.4254254254254255 0.25104262540691324
1.4294294294294294 0.25027559625574275
1.4334334334334333 0.24951092256684607
1.4374374374374375 0.24874859693456516
1.4414414414414414 0.24798861197017838
1.4454454454454455 0.2472309603808273
1.4494494494494494 0.2464756347286603
1.4534534534534536 0.24572262777449483
1.4574574574574575 0.24497193223810512
1.4614614614614614 0.24422354085749998
1.4654654654654655 0.24347744643855793
1.4694694694694694 0.24273364185124394
1.4734734734734736 0.2419921197206957
1.4774774774774775 0.24125287299990536
1.4814814814814814 0.24051589456644806
1.4854854854854855 0.2397811773122758
1.4894894894894894 0.23904871416884718
1.4934934934934936 0.23831849805287644
1.4974974974974975 0.23759052195570227
1.5015015015015014 0.23686477887415502
1.5055055055055055 0.2361412618095061
1.5095095095095095 0.23541996380410057
1.5135135135135136 0.23470087764603692
1.5175175175175175 0.2339839970234545
1.5215215215215214 0.23326931469570442
1.5255255255255256 0.2325568238363211
1.5295295295295295 0.23184651760161828
1.5335335335335336 0.23113838916842133
1.5375375375375375 0.23043243175869219
1.5415415415415414 0.22972863857667325
1.5455455455455456 0.22902700287222177
1.5495495495495495 0.22832751791681036
1.5535535535535536 0.22763017701554814
1.5575575575575575 0.22693497347941055
1.5615615615615615 0.22624190065951327
1.5655655655655656 0.22555095193312252
1.5695695695695695 0.2248621206408837
1.5735735735735736 0.2241754002073075
1.5775775775775776 0.2234907840653244
1.5815815815815817 0.22280826566471243
1.5855855855855856 0.22212783848510423
1.5895895895895895 0.22144949601082087
1.5935935935935936 0.22077323175732488
1.5975975975975976 0.22009903927293872
1.6016016016016017 0.21942691209735615
1.6056056056056056 0.21875684410241003
1.6096096096096095 0.21808882832315704
1.6136136136136137 0.2174228586722403
1.6176176176176176 0.21675892885388628
1.6216216216216217 0.21609703240042036
1.6256256256256256 0.2154371630979919
1.6296296296296295 0.21477931458500957
1.6336336336336337 0.2141234806275083
1.6376376376376376 0.2134696549696731
1.6416416416416417 0.21281783138401525
1.6456456456456456 0.21216800365141614
1.6496496496496496 0.21152016558862471
1.6536536536536537 0.21087431101155366
1.6576576576576576 0.21023043381379614
1.6616616616616617 0.20958852781119325
1.6656656656656657 0.20894858695983065
1.6696696696696696 0.2083106053323224
1.6736736736736737 0.20767457644373952
1.6776776776776776 0.20704049451412776
1.6816816816816818 0.20640835334647162
1.6856856856856857 0.20577814703182107
1.6896896896896898 0.20514986958859566
1.6936936936936937 0.20452351506031702
1.6976976976976976 0.2038990774573766
1.7017017017017018 0.2032765508690989
1.7057057057057057 0.2026559293744621
1.7097097097097098 0.20203720711293977
1.7137137137137137 0.20142037814642816
1.7177177177177176 0.20080543665536846
1.7217217217217218 0.20019237680040675
1.7257257257257257 0.19958119265787613
1.7297297297297298 0.19897187863947827
1.7337337337337337 0.19836442886515718
1.7377377377377377 0.1977588375699732
1.7417417417417418 0.19715509900976907
1.7457457457457457 0.1965532074587451
1.7497497497497498 0.1959531574712461
1.7537537537537538 0.1953549428421338
1.7577577577577577 0.19475855817696788
1.7617617617617618 0.19416399781145738
1.7657657657657657 0.19357125609449238
1.7697697697697699 0.192980327433151
1.7737737737737738 0.19239120622290637
1.7777777777777777 0.1918038868879911
1.7817817817817818 0.19121836388195934
1.7857857857857857 0.19063463163156438
1.7897897897897899 0.1900526846322041
1.7937937937937938 0.18947251738869678
1.7977977977977977 0.1888941243803873
1.8018018018018018 0.18831750017195326
1.8058058058058057 0.18774263927681664
1.8098098098098099 0.18716953626835037
1.8138138138138138 0.18659818572988013
1.817817817817818 0.1860285822571572
1.8218218218218218 0.18546072048256673
1.8258258258258258 0.18489459500781227
1.82982982982983 0.18433020050028368
1.8338338338338338 0.18376753162471202
1.837837837837838 0.18320658306304932
1.8418418418418419 0.18264734951416953
1.8458458458458458 0.18208982570592533
1.84984984984985 0.18153400636688152
1.8538538538538538 0.18097988624500674
1.857857857857858 0.18042746010933944
1.8618618618618619 0.17987672274503727
1.8658658658658658 0.17932766895130667
1.86986986986987 0.17878029355006075
1.8738738738738738 0.17823459137421496
1.877877877877878 0.17769055727167593
1.8818818818818819 0.17714818610835056
1.8858858858858858 0.17660747277068808
1.88988988988989 0.1760684121630451
1.8938938938938938 0.17553099568894917
1.897897897897898 0.1749952253361795
1.901901901901902 0.174461092499392
1.9059059059059058 0.17392859214289882
1.90990990990991 0.1733977192506536
1.9139139139139139 0.17286846881150997
1.917917917917918 0.17234083584078166
1.921921921921922 0.1718148153672623
1.9259259259259258 0.17129040319142824
1.92992992992993 0.1707675928402219
1.9339339339339339 0.17024638015711013
1.937937937937938 0.16972676065824563
1.941941941941942 0.16920872859335387
1.945945945945946 0.16869227951468105
1.94994994994995 0.16817740855757768
1.9539539539539539 0.1676641108725289
1.957957957957958 0.16715238162681842
1.961961961961962 0.16664221600200427
1.965965965965966 0.16613360921777456
1.96996996996997 0.1656265564416674
1.973973973973974 0.16512105292118093
1.977977977977978 0.16461709390303322
1.981981981981982 0.16411467463737756
1.985985985985986 0.1636137904007328
1.98998998998999 0.16311443648027082
1.993993993993994 0.16261660817471557
1.997997997997998 0.16212030080402173
2.002002002002002 0.16162550969683312
2.006006006006006 0.16113223020020764
2.01001001001001 0.16064045794318246
2.014014014014014 0.16015018775846213
2.018018018018018 0.15966141530982
2.022022022022022 0.15917413599618618
2.026026026026026 0.15868834523782935
2.03003003003003 0.1582040384703637
2.034034034034034 0.15772121114037696
2.038038038038038 0.15723985870752608
2.042042042042042 0.15675997664821864
2.046046046046046 0.15628156046066202
2.05005005005005 0.15580460562811108
2.054054054054054 0.1553291078649891
2.058058058058058 0.15485506232917992
2.062062062062062 0.1543824647527554
2.066066066066066 0.15391131069807418
2.07007007007007 0.15344159573695992
2.074074074074074 0.15297331545573373
2.078078078078078 0.1525064654576587
2.0820820820820822 0.15204104135864446
2.086086086086086 0.15157703878435544
2.09009009009009 0.15111445337817564
2.094094094094094 0.15065328079497226
2.098098098098098 0.15019351677050197
2.1021021021021022 0.14973515685374764
2.106106106106106 0.14927819680795656
2.11011011011011 0.1488226323436857
2.114114114114114 0.14836845918542588
2.118118118118118 0.14791567308291093
2.1221221221221223 0.14746426975328905
2.126126126126126 0.1470142449764551
2.13013013013013 0.1465655945395657
2.134134134134134 0.14611831420809726
2.1381381381381384 0.14567239979519225
2.1421421421421423 0.1452278471199644
2.146146146146146 0.14478465200798188
2.15015015015015 0.14434281030047877
2.154154154154154 0.14390231785351243
2.1581581581581584 0.14346317053146435
2.1621621621621623 0.14302536421665332
2.166166166166166 0.14258889479998393
2.17017017017017 0.1421537581882869
2.174174174174174 0.14171995029859508
2.1781781781781784 0.14128746706344938
2.1821821821821823 0.14085630442383618
2.186186186186186 0.14042645833822906
2.19019019019019 0.1399979247730045
2.194194194194194 0.13957069971065114
2.1981981981981984 0.1391447791443638
2.2022022022022023 0.13872015908038976
2.206206206206206 0.1382968355380539
2.21021021021021 0.1378748045461001
2.214214214214214 0.13745406214796949
2.2182182182182184 0.13703460440166065
2.2222222222222223 0.1366164273711297
2.2262262262262262 0.13619952713720138
2.23023023023023 0.13578390091438947
2.234234234234234 0.13536954254630143
2.2382382382382384 0.13495644945430627
2.2422422422422423 0.134544617429935
2.2462462462462462 0.13413404278398008
2.25025025025025 0.1337247216655562
2.254254254254254 0.1333166502409299
2.2582582582582584 0.13290982468497894
2.2622622622622623 0.132504241185291
2.2662662662662663 0.13209989594076493
2.27027027027027 0.13169678516486255
2.274274274274274 0.131294905078192
2.2782782782782784 0.13089425191536289
2.2822822822822824 0.1304948219231047
2.2862862862862863 0.13009661135565811
2.29029029029029 0.12969961648854528
2.294294294294294 0.12930383360026557
2.2982982982982985 0.12890925898200303
2.3023023023023024 0.12851588893833293
2.3063063063063063 0.12812371978418313
2.31031031031031 0.1277327478464668
2.314314314314314 0.12734296946283372
2.3183183183183185 0.1269543809800899
2.3223223223223224 0.12656697876403183
2.3263263263263263 0.12618075918303223
2.33033033033033 0.12579571861980765
2.334334334334334 0.12541185347014835
2.3383383383383385 0.12502916013799992
2.3423423423423424 0.1246476350390552
2.3463463463463463 0.12426727460193941
2.3503503503503502 0.1238880752642427
2.354354354354354 0.12351003347645288
2.3583583583583585 0.12313314569779307
2.3623623623623624 0.12275740839943289
2.3663663663663663 0.12238281806387605
2.3703703703703702 0.12200937118373834
2.374374374374374 0.12163706426330516
2.3783783783783785 0.12126589381691727
2.3823823823823824 0.12089585636917051
2.3863863863863863 0.1205269484565929
2.3903903903903903 0.12015916662594187
2.3943943943943946 0.1197925074336986
2.3983983983983985 0.11942696744838065
2.4024024024024024 0.11906254324864585
2.4064064064064064 0.11869923142295655
2.4104104104104103 0.11833702857176863
2.4144144144144146 0.11797593130502225
2.4184184184184185 0.11761593624067251
2.4224224224224224 0.11725704001120345
2.4264264264264264 0.11689923925721292
2.4304304304304303 0.11654253063396532
2.4344344344344346 0.116186910797111
2.4384384384384385 0.11583237642353969
2.4424424424424425 0.11547892418837834
2.4464464464464464 0.11512655079186687
2.4504504504504503 0.11477525293405222
2.4544544544544546 0.11442502735179627
2.4584584584584586 0.11407587071974497
2.4624624624624625 0.11372777979597673
2.4664664664664664 0.11338075132199557
2.4704704704704703 0.11303478205124584
2.4744744744744747 0.11268986874750384
2.4784784784784786 0.11234600818284118
2.4824824824824825 0.11200319714080492
2.4864864864864864 0.11166143241424116
2.4904904904904903 0.11132071080519693
2.4944944944944947 0.11098102912672904
2.4984984984984986 0.11064238420085636
2.5025025025025025 0.11030477285971232
2.5065065065065064 0.1099681919453217
2.5105105105105103 0.10963263830869717
2.5145145145145147 0.10929810881131063
2.5185185185185186 0.10896460032396504
2.5225225225225225 0.1086321097293208
2.5265265265265264 0.10830063391225281
2.5305305305305303 0.10797016977416143
2.5345345345345347 0.10764071422561733
2.5385385385385386 0.10731226418460522
2.5425425425425425 0.10698481657880714
2.5465465465465464 0.10665836834495794
2.5505505505505504 0.10633291643172157
2.5545545545545547 0.10600845779443642
2.5585585585585586 0.1056849893981809
2.5625625625625625 0.10536250821826511
2.5665665665665665 0.1050410112387716
2.5705705705705704 0.10472049545226961
2.5745745745745747 0.10440095786299161
2.5785785785785786 0.10408239548204122
2.5825825825825826 0.10376480532981659
2.5865865865865865 0.10344818443722044
2.5905905905905904 0.1031325298434602
2.5945945945945947 0.10281783859617039
2.5985985985985987 0.10250410775312516
2.6026026026026026 0.10219133438061677
2.6066066066066065 0.10187951555412328
2.6106106106106104 0.10156864835740889
2.6146146146146148 0.10125872988526338
2.6186186186186187 0.10094975723891303
2.6226226226226226 0.10064172752953858
2.6266266266266265 0.1003346378773167
2.630630630630631 0.1000284854106344
2.6346346346346348 0.09972326726746407
2.6386386386386387 0.09941898059527617
2.6426426426426426 0.09911562254704114
2.6466466466466465 0.09881319028720097
2.650650650650651 0.09851168098867577
2.6546546546546548 0.09821109183231855
2.6586586586586587 0.09791142000829747
2.6626626626626626 0.09761266271512119
2.6666666666666665 0.09731481715972996
2.670670670670671 0.09701788055724793
2.674674674674675 0.09672185013276784
2.6786786786786787 0.09642672311841921
2.6826826826826826 0.09613249675515352
2.6866866866866865 0.09583916829282153
2.690690690690691 0.0955467349878646
2.694694694694695 0.09525519425447651
2.6986986986986987 0.09496454307417443
2.7027027027027026 0.09467477887657773
2.7067067067067065 0.094385898953533
2.710710710710711 0.09409790060480751
2.714714714714715 0.09381078113686887
2.7187187187187187 0.09352453786915786
2.7227227227227226 0.09323916812409715
2.7267267267267266 0.09295466923435057
2.730730730730731 0.0926710385412895
2.734734734734735 0.09238827339240831
2.7387387387387387 0.09210637114711666
2.7427427427427427 0.09182532916951099
2.7467467467467466 0.09154514483289765
2.750750750750751 0.09126581551852872
2.754754754754755 0.09098733861543921
2.7587587587587588 0.09070971152128476
2.7627627627627627 0.09043293164107759
2.7667667667667666 0.090156996388169
2.770770770770771 0.08988190318368654
2.774774774774775 0.08960764945668626
2.7787787787787788 0.08933423264503862
2.7827827827827827 0.08906165019114708
2.7867867867867866 0.08878989954907193
2.790790790790791 0.08851897817898645
2.794794794794795 0.08824888354895531
2.798798798798799 0.08797961313499626
2.8028028028028027 0.08771116442059898
2.8068068068068066 0.08744353489711612
2.810810810810811 0.08717672206321606
2.814814814814815 0.08691072342591698
2.818818818818819 0.08664553649918864
2.8228228228228227 0.08638115880504461
2.8268268268268266 0.08611758787295413
2.830830830830831 0.08585482123986989
2.834834834834835 0.08559285645038366
2.838838838838839 0.08533169105657545
2.8428428428428427 0.08507132261784112
2.8468468468468466 0.08481174870124576
2.850850850850851 0.08455296688166142
2.854854854854855 0.08429497474023676
2.858858858858859 0.08403776986654804
2.8628628628628627 0.083781349857267
2.8668668668668666 0.08352571231641924
2.870870870870871 0.08327085485528092
2.874874874874875 0.08301677509245328
2.878878878878879 0.0827634706538519
2.8828828828828827 0.08251093917272764
2.886886886886887 0.0822591782893767
2.890890890890891 0.08200818565150939
2.894894894894895 0.08175795891388943
2.898898898898899 0.0815084957385437
2.9029029029029028 0.0812597937946541
2.906906906906907 0.08101185075852486
2.910910910910911 0.08076466492333902
2.914914914914915 0.08051823275094738
2.918918918918919 0.08027255255767207
2.9229229229229228 0.08002762204824997
2.926926926926927 0.0797834389339791
2.930930930930931 0.07954000097301135
2.934934934934935 0.07929730581143944
2.938938938938939 0.07905535122182294
2.942942942942943 0.0788141349434953
2.946946946946947 0.07857365472288864
2.950950950950951 0.07833390831317147
2.954954954954955 0.07809489347466006
2.958958958958959 0.07785660797398031
2.962962962962963 0.0776190495850078
2.966966966966967 0.07738221608837179
2.970970970970971 0.07714610527154446
2.974974974974975 0.0769107149285266
2.978978978978979 0.07667604286032059
2.982982982982983 0.07644208687434972
2.986986986986987 0.07620884478498845
2.990990990990991 0.0759763144132022
2.994994994994995 0.07574449358655294
2.998998998998999 0.07551338013948121
3.003003003003003 0.0752829719128312
3.007007007007007 0.0750532667540605
3.011011011011011 0.07482426251724336
3.015015015015015 0.07459595706299488
3.019019019019019 0.0743683482585214
3.023023023023023 0.07414143397749332
3.027027027027027 0.07391521210008753
3.031031031031031 0.07368968051300331
3.035035035035035 0.07346483710932826
3.039039039039039 0.07324067978894197
3.043043043043043 0.07301720645715025
3.047047047047047 0.07279441502669223
3.051051051051051 0.07257230341638288
3.055055055055055 0.07235086955116835
3.059059059059059 0.07213011136262354
3.063063063063063 0.07191002678856695
3.067067067067067 0.07169061377293917
3.071071071071071 0.07147187026623947
3.075075075075075 0.0712537942250345
3.079079079079079 0.07103638361216308
3.083083083083083 0.07081963639674282
3.0870870870870872 0.07060355055405336
3.091091091091091 0.07038812406819454
3.095095095095095 0.0701733549215186
3.099099099099099 0.0699592411104713
3.103103103103103 0.06974578063500758
3.1071071071071072 0.06953297150112488
3.111111111111111 0.0693208117210109
3.115115115115115 0.0691092993131
3.119119119119119 0.06889843230102474
3.123123123123123 0.06868820871548997
3.1271271271271273 0.06847862659273408
3.131131131131131 0.06826968397498094
3.135135135135135 0.06806137891055786
3.139139139139139 0.06785370945394983
3.1431431431431434 0.06764667366489398
3.1471471471471473 0.0674402696097748
3.151151151151151 0.06723449536050347
3.155155155155155 0.06702934899515474
3.159159159159159 0.06682482859746058
3.1631631631631634 0.06662093225690512
3.1671671671671673 0.06641765806909022
3.171171171171171 0.06621500413521156
3.175175175175175 0.06601296856241275
3.179179179179179 0.06581154946357044
3.1831831831831834 0.06561074495732723
3.1871871871871873 0.06541055316800144
3.191191191191191 0.06521097222551364
3.195195195195195 0.06501200026607289
3.199199199199199 0.0648136354310528
3.2032032032032034 0.0646158758676043
3.2072072072072073 0.0644187197286105
3.2112112112112112 0.06422216517245799
3.215215215215215 0.06402621036332085
3.219219219219219 0.06383085347087333
3.2232232232232234 0.06363609267046806
3.2272272272272273 0.0634419261429713
3.2312312312312312 0.06324835207479221
3.235235235235235 0.06305536865785648
3.239239239239239 0.06286297408975573
3.2432432432432434 0.06267116657346859
3.2472472472472473 0.06247994431749235
3.2512512512512513 0.062289305535725904
3.255255255255255 0.06209924844759066
3.259259259259259 0.06190977127798258
3.2632632632632634 0.061720872257102107
3.2672672672672673 0.061532549620611124
3.2712712712712713 0.06134480160960473
3.275275275275275 0.06115762647055403
3.279279279279279 0.060971022455213096
3.2832832832832834 0.060784987820686066
3.2872872872872874 0.06059952082940884
3.2912912912912913 0.060414619749131294
3.295295295295295 0.06023028285301368
3.299299299299299 0.060046508419181584
3.3033033033033035 0.05986329473130116
3.3073073073073074 0.05968064007815535
3.3113113113113113 0.059498542753803896
3.315315315315315 0.059317001057505835
3.319319319319319 0.05913601329364353
3.3233233233233235 0.05895557777186222
3.3273273273273274 0.0587756928069382
3.3313313313313313 0.058596356718880804
3.335335335335335 0.05841756783254148
3.339339339339339 0.05823932447818899
3.3433433433433435 0.058061624990916445
3.3473473473473474 0.05788446771140825
3.3513513513513513 0.05770785098491386
3.3553553553553552 0.05753177316188612
3.359359359359359 0.057356232597805465
3.3633633633633635 0.057181227653225586
3.3673673673673674 0.05700675669365398
3.3713713713713713 0.056832818089602444
3.3753753753753752 0.0566594102165758
3.3793793793793796 0.05648653145500275
3.3833833833833835 0.05631418019028889
3.3873873873873874 0.056142354812783
3.3913913913913913 0.055971053717700704
3.3953953953953953 0.05580027530518962
3.3993993993993996 0.05563001798021066
3.4034034034034035 0.055460280152695676
3.4074074074074074 0.05529106023740311
3.4114114114114114 0.05512235665422645
3.4154154154154153 0.05495416782691443
3.4194194194194196 0.05478649218502733
3.4234234234234235 0.054619328162574345
3.4274274274274275 0.0544526741983456
3.4314314314314314 0.05428652873589293
3.4354354354354353 0.05412089022312763
3.4394394394394396 0.053955757114160764
3.4434434434434436 0.053791127865866935
3.4474474474474475 0.05362700094075742
3.4514514514514514 0.05346337480640419
3.4554554554554553 0.053300247934479704
3.4594594594594597 0.053137618801482926
3.4634634634634636 0.0529754858885788
3.4674674674674675 0.05281384768155364
3.4714714714714714 0.052652702670643224
3.4754754754754753 0.052492049351307045
3.4794794794794797 0.05233188622297775
3.4834834834834836 0.05217221178979765
3.4874874874874875 0.052013024560583584
3.4914914914914914 0.05185432304865349
3.4954954954954953 0.051696105771822716
3.4994994994994997 0.051538371252550626
3.5035035035035036 0.05138111801766702
3.5075075075075075 0.051224344598628416
3.5115115115115114 0.05106804953128526
3.5155155155155153 0.050912231355971595
3.5195195195195197 0.050756888617486284
3.5235235235235236 0.05060201986508037
3.5275275275275275 0.05044762365241364
3.5315315315315314 0.05029369853757592
3.5355355355355353 0.050140243083102776
3.5395395395395397 0.04998725585577283
3.5435435435435436 0.049834735426871585
3.5475475475475475 0.049682680372023384
3.5515515515515514 0.049531089271169795
3.5555555555555554 0.04937996070861033
3.5595595595595597 0.049229293272951245
3.5635635635635636 0.04907908555713909
3.5675675675675675 0.048929336158323754
3.5715715715715715 0.048780043678062886
3.5755755755755754 0.048631206722087726
3.5795795795795797 0.0484828239004347
3.5835835835835836 0.048334893827910126
3.5875875875875876 0.04818741512189085
3.5915915915915915 0.04804038640555061
3.5955955955955954 0.047893806306018916
3.5995995995995997 0.0477476734542497
3.6036036036036037 0.04760198648556166
3.6076076076076076 0.047456744039390715
3.6116116116116115 0.04731194475933944
3.6156156156156154 0.047167587293132716
3.6196196196196198 0.04702367029265891
3.6236236236236237 0.046880192413883505
3.6276276276276276 0.046737152316896
3.6316316316316315 0.046594548665863225
3.635635635635636 0.04645238012901807
3.6396396396396398 0.046310645378687745
3.6436436436436437 0.04616934309114148
3.6476476476476476 0.046028471947034126
3.6516516516516515 0.04588803063063501
3.655655655655656 0.04574801783036687
3.65965965965966 0.04560843223870816
3.6636636636636637 0.04546927255211563
3.6676676676676676 0.04533053747096049
3.6716716716716715 0.045192225699697185
3.675675675675676 0.04505433594655332
3.67967967967968 0.04491686692397371
3.6836836836836837 0.04477981734808871
3.6876876876876876 0.04464318593901984
3.6916916916916915 0.04450697142081173
3.695695695695696 0.044371172521386684
3.6996996996997 0.0442357879725695
3.7037037037037037 0.044100816510069286
3.7077077077077076 0.043966256873359574
3.7117117117117115 0.04383210780585554
3.715715715715716 0.04369836805481216
3.71971971971972 0.0435650363711668
3.7237237237237237 0.043432111509915765
3.7277277277277276 0.043299592229658915
3.7317317317317316 0.04316747729278374
3.735735735735736 0.04303576546562814
3.73973973973974 0.04290445551812347
3.7437437437437437 0.04277354622401902
3.7477477477477477 0.04264303636076022
3.7517517517517516 0.042512924709606166
3.755755755755756 0.04238321005547831
3.75975975975976 0.04225389118702061
3.7637637637637638 0.042124966896561075
3.7677677677677677 0.04199643598012762
3.7717717717717716 0.041868297237445166
3.775775775775776 0.0417405494718364
3.77977977977978 0.0416131914903426
3.7837837837837838 0.04148622210361886
3.7877877877877877 0.04135964012593358
3.7917917917917916 0.04123344437518959
3.795795795795796 0.04110763367289945
3.7997997997998 0.04098220684418169
3.803803803803804 0.04085716271771552
3.8078078078078077 0.040732500125764584
3.8118118118118116 0.04060821790417004
3.815815815815816 0.04048431489223967
3.81981981981982 0.04036078993305427
3.823823823823824 0.04023764187292258
3.8278278278278277 0.040114869561910474
3.8318318318318316 0.039992471853460325
3.835835835835836 0.039870447604568544
3.83983983983984 0.03974879567570947
3.843843843843844 0.03962751493081872
3.8478478478478477 0.039506604237323065
3.8518518518518516 0.039386062466091304
3.855855855855856 0.03926588849144632
3.85985985985986 0.03914608119115442
3.863863863863864 0.03902663944635556
3.8678678678678677 0.038907562141662175
3.8718718718718717 0.03878884816506573
3.875875875875876 0.03867049640796286
3.87987987987988 0.038552505765118955
3.883883883883884 0.03843487513469226
3.8878878878878878 0.03831760341816237
3.891891891891892 0.03820068952041151
3.895895895895896 0.0380841323496438
3.8998998998999 0.037967930817392734
3.903903903903904 0.0378520838384987
3.9079079079079078 0.037736590331113255
3.911911911911912 0.03762144921673751
3.915915915915916 0.03750665942016168
3.91991991991992 0.03739221986933695
3.923923923923924 0.0372781294956216
3.9279279279279278 0.037164387233585575
3.931931931931932 0.03705099202105415
3.935935935935936 0.036937942799083814
3.93993993993994 0.036825238511978504
3.943943943943944 0.036712878107176106
3.947947947947948 0.036600860535578636
3.951951951951952 0.03648918475104679
3.955955955955956 0.03637784971067593
3.95995995995996 0.0362668543747262
3.963963963963964 0.0361561977067233
3.967967967967968 0.03604587867329928
3.971971971971972 0.03593589624425307
3.975975975975976 0.03582624939253112
3.97997997997998 0.03571693709420347
3.983983983983984 0.03560795832845718
3.987987987987988 0.03549931207761022
3.991991991991992 0.03539099732707899
3.995995995995996 0.035283013065380314
4.0 0.035175358284097076
